28.75961
29.093
28.7122
28.5798
28.7336
28.8384
28.3913
29.0447
28.7988
29.2159
29.083
28.9849
28.8034
29.1612
28.7869
29.1803
29.1351
29.2628
28.631
28.9506
28.4342
29.348
29.2382
28.8261
28.957
28.9348
28.948
28.8581
28.9875
29.098
29.1363
28.7492
28.9678
29.045
28.9907
28.9482
29.0786
28.7018
28.8486
28.5149
28.5181
29.1533
28.8855
28.8769
29.041
29.2246
28.7268
28.7715
28.8982
29.0076
28.4775
29.006
29.1839
29.0405
28.5984
29.0647
28.3382
28.8964
28.9822
29.0336
28.7759
28.9071
28.6101
29.0809
28.7326
28.8272
28.935
29.3924
29.1597
28.9322
29.0119
28.8323
28.7417
29.0863
28.7804
29.2321
28.7343
28.6617
29.1964
28.6133
28.9789
28.9198
28.9537
28.7673
28.7739
28.4982
29.0441
28.7087
28.9037
28.9952
29.1414
28.4178
28.9206
28.857
29.2914
28.9393
29.1692
28.9441
28.5749
29.4087
28.9673
29.1486
28.3913
29.0704
28.7272
28.8752
28.5516
29.1635
28.5242
28.9331
28.809
29.1604
28.4613
28.5878
28.7088
28.8123
28.6186
28.2368
28.883
29.0348
28.5458
28.9827
29.0046
29.0234
28.6369
28.7939
28.7357
28.9424
28.7163
29.345
28.9844
28.7049
28.7315
28.4624
29.1019
28.8391
28.7593
28.5102
28.7157
28.3139
28.4825
28.5659
28.8077
29.1129
28.665
28.8543
28.5073
28.7002
28.724
28.8957
29.1116
29.0336
28.757
28.9425
28.2264
28.8402
28.7161
28.6752
28.937
29.0023
28.7537
29.1704
28.9225
28.5415
28.7333
28.6208
29.0711
28.5337
28.4665
28.737
28.505
28.7107
28.6485
28.9689
29.2743
28.85
29.4212
28.5474
28.8224
28.4642
28.8461
28.6831
28.5316
28.6266
28.5324
28.9933
28.6788
28.7649
29.0236
28.3285
28.847
28.9
28.9083
28.8815
29.0083
28.8344
28.7143
29.4023
29.0044
29.1859
29.1786
28.9474
29.1661
29.1678
29.1951
29.1092
28.9379
28.9595
29.1469
29.2057
28.9139
29.1762
29.2214
29.1041
29.5488
29.0496
29.0176
29.0183
29.4351
29.4816
29.0254
29.1467
28.9871
29.4253
29.1346
28.9124
29.1051
28.6933
29.0392
29.0043
29.2841
29.2343
29.0404
28.987
29.237
29.3463
29.3176
29.2456
29.1649
28.524
29.0165
29.2109
28.9353
29.0311
29.3021
29.0284
28.8776
29.2911
29.2357
29.0094
29.0814
29.1026
29.2526
29.0985
29.0463
29.2182
29.3443
29.2707
28.8874
29.2213
29.0794
29.1282
29.306
28.776
29.2141
29.1211
29.1199
29.2118
29.231
29.538
29.2172
29.1232
28.8632
28.9675
29.1033
29.0256
29.3483
29.3291
29.1086
29.1881
29.123
29.1476
29.3781
28.9701
29.6662
29.5142
28.6607
29.6331
29.3596
29.2166
29.0537
29.2206
29.1136
29.6111
28.7855
28.9264
28.999
28.2997
28.7382
28.8904
28.9884
28.6766
28.5348
29.0614
28.7073
28.5679
28.465
29.1098
29.112
28.9811
28.6332
29.0101
28.6483
28.7006
29.1384
29.3304
28.6014
29.29
28.78
28.9027
29.0779
28.8954
28.8875
29.1538
28.9456
28.9836
28.4607
28.4943
29.004
29.065
28.7821
28.7992
28.9106
28.7545
28.6865
28.9778
29.149
28.6027
29.1093
28.8442
28.8863
28.9325
29.0794
29.2583
28.6079
28.894
28.7654
29.2591
28.9146
28.5123
28.6803
28.9523
29.0629
28.5341
29.1493
29.0147
28.6496
28.8062
29.1227
28.6794
28.6822
28.7865
28.9463
29.2803
28.8298
29.1409
28.6977
29.0058
28.7782
29.0033
28.9498
29.1738
29.0661
29.0038
29.1888
28.8259
28.6684
28.6048
28.9944
28.7913
28.8671
29.1817
28.8659
29.1981
28.8185
28.8638
28.8638
29.1224
28.6842
28.6466
28.5161
28.6771
28.4579
28.6763
28.936
28.6434
28.9762
28.6331
28.925
28.8068
28.7207
28.9786
28.8437
28.6071
28.4648
28.919
28.5893
28.577
28.9931
29.3044
28.8017
28.6953
28.9945
29.0243
28.8179
29.0346
28.6095
28.9497
28.4895
29.411
28.9625
29.0461
28.7424
29.0992
28.7612
28.642
28.6192
28.8453
28.8177
29.1255
28.8326
28.7577
28.7901
29.0856
28.7017
29.0952
28.6742
28.8965
29.3186
28.9174
28.6457
28.6306
28.6248
28.7869
28.5209
28.7185
29.1305
28.5752
28.5633
28.9639
29.4128
28.5112
28.5962
28.7382
29.0104
28.6107
28.7034
29.1149
28.778
28.7398
28.8572
28.5132
28.7101
28.7135
28.6918
29.0872
28.4211
28.8362
28.5573
28.576
28.3556
28.4913
28.7832
29.0821
28.924
29.3216
28.9869
28.65
29.1753
28.7429
28.8059
28.8848
28.9067
28.8579
28.9151
28.224
28.485
28.7752
28.4625
28.2149
28.7466
28.6118
28.9174
28.7686
28.3189
28.9483
28.3779
28.8493
28.8753
28.8311
28.7556
29.1318
28.7973
28.8359
28.914
28.6515
28.4917
28.3502
28.7168
28.723
28.9202
28.307
28.2765
28.8735
28.4516
28.4884
28.881
29.1982
28.6107
28.0222
28.5871
29.0523
28.8728
28.5561
28.7077
28.7574
28.924
29.2609
28.4577
28.5181
28.5084
28.9249
28.7011
28.8489
28.5419
28.7263
28.6383
28.8184
29.0301
29.0784
28.5315
28.9821
28.7813
29.2476
28.8801
28.4505
29.0474
28.3349
28.6157
28.9605
28.5686
28.8993
28.2684
28.6789
28.9388
29.1204
28.7619
28.807
28.6567
28.8563
28.3509
28.605
28.8358
28.5957
28.459
28.6802
28.7903
28.9372
28.4558
28.204
28.9233
28.5758
28.8895
28.58
29.1059
28.649
28.7643
28.6701
28.6703
28.6232
29.3126
28.7771
29.1567
28.7594
28.8603
28.9285
28.6147
28.6549
29.0999
28.6465
28.7128
29.0585
29.116
28.4264
28.5869
28.7993
29.0624
29.0956
28.5101
28.9127
28.7141
28.4941
28.7585
28.7182
29.0167
28.5339
29.2186
28.9903
28.7577
28.73
28.9468
28.7667
28.9027
28.9084
29.0661
29.0317
28.8848
28.9185
28.9169
28.9167
28.9647
28.5821
28.5375
28.4539
28.9853
28.9953
29.114
29.1337
28.6026
29.0077
28.795
28.8277
28.9061
28.753
28.7521
29.1559
28.9545
29.0278
28.6204
29.0472
28.5588
28.7489
28.5907
28.7118
28.8102
28.7655
28.8147
28.8562
28.704
29.0802
28.6302
28.7116
28.8075
28.5622
28.6905
28.9236
29.1169
28.7638
28.5866
29.093
28.9034
28.5253
28.9294
29.0741
28.9509
28.9553
28.7991
28.8914
28.9753
28.8329
29.1932
28.7621
28.5547
28.691
28.586
28.9113
28.292
28.9086
28.4255
28.503
28.4789
28.2103
28.3978
28.3713
28.3259
28.4976
28.7308
28.5889
28.4113
29.0317
28.711
28.6061
28.5032
28.6771
28.6569
28.7035
28.6495
28.5745
28.4134
28.7841
28.6298
28.7118
29.01
28.5636
28.4209
28.6134
28.452
28.3315
28.5801
28.0633
28.3117
28.7523
28.8233
28.4482
28.5826
28.5734
28.9029
29.0032
28.3998
28.6277
28.8412
28.6846
28.3996
28.4624
28.6569
28.8863
28.7558
28.2836
28.8368
28.8333
28.4269
28.1804
28.5003
28.1121
28.6215
28.436
28.7661
28.6416
28.4562
28.3364
28.5214
28.6486
28.7887
28.798
28.6881
28.4305
28.4076
28.5818
28.5211
28.1742
28.3197
28.2725
28.8403
28.5944
28.6468
29.0886
28.449
28.6828
28.587
28.9342
28.5217
28.992
28.5809
28.1664
28.7106
28.884
28.7966
28.9883
28.6904
28.6782
28.7895
28.8217
28.7681
28.9668
29.024
28.98
28.6305
28.5937
28.9188
28.9746
28.84
28.6241
28.7175
28.8383
28.7873
29.0413
29.0803
28.7944
28.9101
28.851
29.0257
28.8486
29.009
29.0616
28.9376
29.009
28.5527
28.8433
28.9811
28.9025
28.9229
29.1048
29.2053
28.9004
28.6615
29.165
28.8427
28.9283
29.3241
28.7999
29.0861
28.4463
28.9268
28.6903
28.7498
28.7212
29.0008
29.0359
28.9389
29.3618
28.9486
28.7996
28.8285
29.0798
28.8737
28.8746
28.5887
29.0716
29.0022
28.7397
29.1047
28.9294
29.2717
28.5671
28.8937
29.0065
29.11
28.9008
29.1918
28.8632
28.732
28.8611
29.1173
28.7367
29.1764
28.9249
29.1238
29.0528
28.8008
28.8064
29.1176
29.0199
28.8192
29.1746
28.8201
28.6174
28.8303
28.7661
29.1282
28.8448
28.6396
29.061
28.8266
28.5611
28.7927
28.9349
28.9082
28.4911
29.2122
28.513
28.9751
28.6032
29.0115
28.5586
28.7839
28.9826
29.0506
28.731
28.5789
28.736
28.4931
29.4688
28.658
29.0434
28.8258
29.1569
28.8719
28.8284
28.764
28.7302
28.5661
28.7096
28.7771
28.5397
28.7333
29.0169
28.5788
29.0844
28.701
28.6994
29.0166
28.9885
29.2019
28.576
28.8454
29.3306
29.5802
29.2068
28.7008
28.7023
28.9568
28.7439
28.7134
29.104
28.8856
28.671
28.6799
28.7882
28.9321
28.9853
28.715
28.8239
28.8438
28.3908
28.9372
28.7469
28.6886
28.7584
28.7699
28.8922
28.644
28.4309
29.0855
29.2649
28.663
29.3027
29.3395
28.945
28.8201
28.6997
28.5868
28.8682
29.0858
28.9697
28.7029
28.6704
28.4304
28.5546
28.8785
28.4448
29.0713
28.8415
28.9249
28.8293
28.5925
28.6844
28.8203
28.5128
28.997
28.9539
28.6924
29.0044
28.7535
28.5952
28.9457
29.1853
29.067
28.8872
28.8241
28.5688
28.7959
28.9216
28.701
28.7276
28.6298
28.6644
29.2915
28.8107
28.6894
28.7997
28.9346
28.6816
28.7724
28.7418
28.6101
28.5437
29.1348
28.9772
28.8061
28.8719
28.9483
28.6741
28.5055
28.7512
28.7764
28.7617
28.5432
28.6479
29.0814
28.8867
29.0481
28.9523
28.5202
28.7228
28.4745
28.5546
28.7054
28.9985
28.8185
29.0569
28.9975
28.9145
28.6449
28.781
28.8934
28.1549
28.7336
28.8992
28.8788
28.6808
28.4525
28.7233
29.1615
28.6548
28.886
28.8771
28.7226
28.9758
28.7845
28.734
29.1343
29.07
28.7075
28.9001
28.7848
28.648
28.9448
28.6318
29.1099
28.8665
29.0157
28.5344
29.0869
28.483
28.5624
28.7992
28.8441
29.0324
28.7574
29.0377
28.5592
28.6592
29.0326
29.0801
28.677
28.758
28.8122
28.9435
28.7806
28.615
28.5377
28.8094
28.609
28.8907
29.0319
29.3599
28.6423
28.7956
29.0222
29.2632
28.822
28.8358
29.0315
28.7282
29.0241
29.0563
29.0107
28.799
28.6839
28.9321
28.6988
28.795
28.6203
28.7192
28.4109
28.8031
29.4206
29.1679
28.8841
28.3156
29.148
28.7218
28.643
28.4295
29.2201
28.8549
29.1229
28.7061
28.8698
29.0332
29.1148
28.7912
28.6945
28.6207
28.7068
28.9608
28.7001
28.8731
28.3599
28.9238
29.1093
28.8167
28.6816
29.2505
28.4388
28.8084
28.9114
28.9712
29.0225
28.919
29.1012
28.5941
29.1844
29.1745
28.5654
28.9111
28.8501
28.4517
28.9572
28.8432
28.7484
28.7698
28.613
28.7644
29.1028
28.6967
28.9574
28.579
28.982
28.6626
28.826
29.0087
28.7923
28.6819
28.8476
28.5933
28.8349
28.4938
28.9717
28.9624
28.8168
29.2169
28.703
28.9512
28.4937
28.8745
28.9112
28.9003
28.5141
28.5612
28.3967
29.0287
29.2266
28.7625
28.8748
28.8235
28.7447
28.8188
28.5528
28.5387
28.5843
28.6152
28.6177
28.7582
28.6597
28.8098
28.4082
28.8882
28.796
28.6792
28.3479
29.0956
28.8645
28.9771
28.8174
28.3177
28.8958
28.6602
28.6638
28.8493
28.3283
28.8674
28.5276
28.8832
28.4226
28.397
28.6662
29.1234
28.5151
28.7702
28.8215
28.6294
28.8051
28.9377
28.9157
28.8042
28.5293
28.9009
28.6847
29.182
28.8347
28.691
29.2561
28.8141
28.9095
28.8535
28.616
28.7119
29.1732
29.241
28.9476
28.5346
28.6901
28.6914
29.005
29.3037
28.7115
29.0467
28.8397
29.2057
29.1266
28.8941
28.9769
28.9258
28.7051
28.8179
28.8778
29.0071
28.8211
28.7196
28.981
28.9088
28.8697
28.5974
28.8285
29.1705
28.7008
28.5172
29.2103
28.7622
28.6508
28.7942
29.0797
28.5822
29.1799
28.9677
29.0531
29.0277
29.1151
28.9205
28.9828
29.0079
28.6491
29.0028
29.1251
28.9238
28.3402
28.9999
29.0523
28.8406
29.1441
29.2305
29.0882
28.978
28.9932
28.5431
28.8014
28.6682
29.3482
28.9729
28.926
28.764
28.3595
28.9451
28.725
28.9846
29.2007
28.8129
28.685
28.9553
28.7835
29.054
29.5003
28.6073
29.0504
28.4365
28.4317
28.9124
28.9129
28.5699
28.8552
29.385
28.9626
28.555
28.8036
29.3139
28.481
28.9515
28.8568
29.0684
29.1207
29.244
29.1267
28.6091
29.0332
28.4892
28.8494
28.9147
28.9582
28.8946
29.0138
29.0723
28.8079
28.7462
28.9822
28.9335
28.9215
29.0613
29.0001
28.6768
29.1232
28.9127
29.0534
29.3833
28.9185
28.9355
29.1945
29.2161
28.8836
28.9095
28.6561
29.2837
29.207
28.8338
28.6882
29.0919
28.9672
29.072
29.0673
28.6749
28.9693
28.175
29.4225
28.8152
29.2034
28.7775
28.7779
28.8349
28.5583
29.1121
29.0087
28.9294
28.8637
29.1356
28.7706
28.593
28.9394
28.6666
29.04
28.4357
29.0763
29.1816
29.1718
29.1901
28.9264
28.9387
28.4957
29.241
28.7942
29.0116
28.6927
28.7159
28.3947
28.6603
28.7088
28.669
28.5307
28.6898
28.8862
28.5881
28.5316
28.5694
28.3922
28.886
28.9554
28.601
28.8444
28.5941
28.7384
28.901
28.6172
28.7878
28.634
28.6686
28.5872
28.8308
28.9936
28.3294
28.4979
28.3438
28.8033
28.7272
28.5184
28.5996
28.6168
28.4995
28.6215
29.0332
28.6045
28.4417
28.64
28.9502
28.5899
28.7887
28.8711
28.3416
29.1036
28.4629
28.6769
28.822
28.4785
28.3414
28.2489
28.9757
28.6445
28.4874
28.5113
28.6003
28.8315
28.7941
28.729
28.4387
28.7611
28.9672
28.2957
28.752
28.6218
28.763
28.5909
28.6979
28.4886
28.5847
28.999
28.7917
29.1563
28.8149
28.7995
28.919
28.2961
28.9995
28.5673
28.6989
28.6542
28.692
28.8735
28.9861
28.8075
29.2507
28.9953
28.9825
29.2664
28.6627
29.1172
28.5983
28.9975
28.9691
28.9721
29.2019
28.8303
29.0221
28.6298
28.5205
28.9382
29.2094
28.8599
29.0476
28.9742
28.7118
28.8455
29.2697
29.1498
28.4876
28.6559
29.0479
28.5396
28.9384
28.9053
28.9889
28.5281
28.5894
28.9387
29.0044
28.7943
28.7964
28.984
28.7811
28.9337
28.678
28.7605
28.6147
28.9798
29.0979
29.0416
28.93
29.0591
28.7327
28.6378
29.2154
28.9303
28.6405
29.2318
28.9586
28.9262
29.0635
29.0779
28.6041
28.6806
28.9684
28.4966
28.5707
28.9226
28.9565
28.5437
28.8487
28.9421
29.2629
28.6322
29.2837
29.0297
28.9122
29.3571
28.7237
29.0523
28.963
29.0898
29.1747
28.9561
29.054
28.8431
28.8846
28.8065
28.686
28.8752
28.8578
29.5118
28.8442
29.0969
28.3463
28.9097
28.8825
28.8494
28.7632
28.5871
28.8637
28.771
28.9818
28.8732
28.8474
28.7201
28.4579
28.6648
28.8837
29.0947
28.9389
28.8435
28.9357
28.8883
29.214
29.0438
28.6584
28.6228
28.9458
29.0499
29.007
28.7714
28.8312
28.963
28.5214
28.7702
28.5478
29.0683
28.4978
28.9708
29.0051
28.5317
28.5928
28.8408
28.4596
28.8764
28.4821
28.6262
28.7834
28.9272
29.0746
28.6629
29.0271
28.9688
28.6032
28.9621
29.081
28.885
29.0905
28.7885
28.7798
28.562
28.4846
28.7067
29.5251
28.6733
28.6978
29.1361
28.7946
29.0013
28.7114
29.0662
29.1556
29.0827
28.9361
28.9247
28.795
28.8672
28.7213
28.5284
28.8312
28.6448
29.2792
28.6145
28.7062
28.5616
28.9267
28.8775
28.884
28.6671
28.5343
29.0931
28.4392
28.856
28.7619
28.7169
28.7099
28.9143
28.7119
28.7621
28.4257
28.7787
28.8861
29.1622
28.991
28.8792
28.699
29.0319
28.8107
28.8675
29.0771
28.7026
29.0215
28.6364
29.0471
28.818
28.5762
28.7794
28.8798
28.7515
28.6217
28.5098
28.7368
28.7054
28.3139
28.7422
28.5298
28.9937
28.4384
28.5999
28.522
28.7741
28.6027
28.9193
28.5836
28.7517
28.9394
28.6561
28.7426
28.6442
28.7166
28.9296
28.2793
28.7852
28.6912
29.0433
28.7365
29.0656
29.2255
28.8938
28.5872
28.6499
28.6759
28.6902
29.2879
28.8706
28.6648
28.8226
28.1531
28.8329
28.6897
28.883
29.1131
28.5745
28.9167
28.4353
29.2938
28.9068
28.6371
28.7719
28.531
28.9274
28.5636
28.8522
29.0118
28.6929
28.9005
28.6454
28.5141
28.8939
28.6698
29.0079
28.2341
28.878
28.9622
28.7937
28.6472
28.9766
28.5563
28.805
29.1208
28.7338
28.8713
28.6721
28.8881
28.3393
28.7655
28.4844
29.0804
28.5949
28.9515
28.431
28.8105
28.7198
28.6315
28.9487
28.6011
28.5296
28.4802
28.9878
28.5297
28.3828
28.9658
28.6279
28.8216
28.9052
29.0789
28.8147
28.206
28.7997
28.8785
28.6346
28.7739
28.4897
28.8127
29.3729
28.851
28.6636
29.295
28.7412
28.5973
28.5568
29.2586
28.8987
28.83
29.0587
28.8927
28.8619
29.1847
28.617
29.1361
28.6583
28.519
29.0803
28.613
28.6064
28.7197
29.283
29.4519
28.8737
28.8366
28.8777
28.7844
29.1683
28.7898
29.3558
28.7907
28.8326
28.8
28.6508
28.9793
28.5891
29.1992
28.429
29.0113
29.0877
28.7735
28.7593
28.8037
28.6073
28.8144
28.7445
28.9709
28.6539
28.5805
28.7389
28.3489
29.1401
28.9114
28.8071
29.1153
28.659
28.9353
28.8342
28.4671
28.8609
28.8841
28.6392
28.3832
28.931
28.6678
28.7677
29.1812
28.5988
28.7924
28.9671
28.6847
28.6136
28.4101
28.8916
28.8668
28.9099
28.4122
28.6924
29.1647
28.9166
28.656
28.9232
28.4362
28.7031
28.8454
28.9694
28.927
29.0886
29.1874
28.64
28.3276
28.7195
28.7314
28.7582
28.5034
28.7284
28.1669
29.1329
29.4116
28.876
28.969
29.0268
29.0656
28.8268
28.711
28.203
28.7399
28.8978
28.6729
28.8833
28.8804
29.0054
29.0095
28.5533
28.6945
28.5616
29.1096
28.8764
28.4868
28.7089
28.6391
28.8663
28.886
29.1001
28.5414
28.9495
28.9319
28.4629
28.9772
28.6137
28.6151
29.0166
29.1406
28.8435
28.6641
29.1622
28.8658
28.6136
28.8559
28.7301
28.6286
29.1161
28.6679
29.06
28.9578
28.8551
29.0507
28.547
28.7588
28.3134
29.0391
28.6427
28.9853
28.643
28.4117
28.5844
29.0044
28.7528
28.822
29.0172
28.9662
28.64
29.0378
28.9493
28.5573
28.8465
28.7717
28.7816
28.7754
28.8527
29.0997
28.8496
28.9102
28.7293
28.7251
28.8568
28.8236
29.1793
28.6038
28.9224
28.5197
28.6281
29.0953
28.7195
28.8367
28.7847
28.637
29.122
28.5231
28.7784
28.5178
28.9051
28.9792
28.5745
28.3722
28.8454
28.6589
29.1886
28.9671
28.6333
29.1844
28.9277
28.9187
28.4573
28.9542
28.9632
28.7699
28.9798
29.0177
28.9027
28.7573
28.6553
28.9378
28.8925
28.8
28.6762
28.6611
28.621
28.8639
28.5641
29.0851
28.8208
28.9424
28.7312
28.6733
28.6636
28.6867
28.7153
28.7793
28.9998
28.6397
28.4466
29.0491
28.7481
28.8404
28.6345
28.9746
28.6662
28.7035
28.6762
29.1907
28.8718
28.732
28.6529
28.4389
28.7305
29.0867
29.2071
29.0942
28.6286
28.6158
28.4411
28.6883
28.8164
28.9367
29.1157
28.1078
28.8772
28.9686
29.111
28.9391
29.0776
28.6858
28.8814
28.7259
28.6308
28.9514
28.6802
28.4276
29.2574
28.7489
28.7904
28.594
28.7546
28.9971
28.8182
29.0251
28.8951
28.7674
28.8566
28.1911
29.0173
28.802
28.5114
29.2895
29.0083
28.732
28.845
29.051
28.6977
29.1613
28.7379
28.1827
28.8961
28.6623
28.8703
29.0294
28.963
28.7102
29.2252
28.8868
28.6939
28.7364
28.7036
29.0045
28.7861
28.7566
28.2133
28.8911
28.6054
28.7884
29.0135
29.153
28.55
28.8637
28.7853
29.1381
28.6274
28.6759
28.548
28.9554
28.8716
28.8525
28.898
29.0219
28.4677
29.1968
29.4365
29.0729
28.5318
28.6139
28.4065
28.8829
29.0353
29.0456
28.8359
28.6905
28.8778
28.9241
29.2904
29.2966
28.5194
28.8526
28.8281
29.0425
28.5855
28.5911
28.4555
28.748
28.9926
28.5589
28.9767
28.8878
28.8613
28.4944
28.5867
28.9228
28.6882
28.7111
28.8306
29.3219
28.976
29.0238
28.6763
28.7196
28.7148
28.686
28.3943
28.861
28.8469
28.9633
28.8577
28.8907
28.8458
28.7072
29.1496
28.7814
28.5221
28.96
28.809
28.7904
29.0393
28.5101
28.6056
29.5466
28.6549
29.3523
29.0559
29.1379
29.307
29.0645
29.0044
28.6027
29.0642
29.219
28.7942
28.9155
28.6609
29.2681
28.7506
28.9188
28.8228
29.6139
28.9649
29.3137
29.2436
28.9739
29.4106
28.9743
29.1338
29.1544
29.2551
29.3766
28.8931
28.9022
28.8535
28.9386
28.82
29.3379
29.0055
28.9968
28.772
28.8022
29.1361
29.1334
28.7226
28.769
29.1216
28.8644
28.9983
29.3649
29.3392
28.913
28.87
29.068
28.9381
29.0223
28.7372
28.986
28.9858
29.0263
28.5868
29.2747
29.1912
29.0218
29.2343
28.9842
28.8548
29.0796
29.2028
28.5659
28.6544
28.881
29.0467
29.2796
28.531
28.8083
29.4307
29.0493
29.0049
29.1229
29.6909
28.8272
28.8209
28.7875
28.968
28.8676
29.271
29.0602
29.1918
28.7317
29.1866
28.5873
29.0993
28.8681
28.7748
28.9117
28.8697
28.7448
28.6534
29.1698
28.8392
29.076
28.8675
28.7257
29.001
28.6235
29.3594
28.9034
28.8629
28.7833
28.8331
28.0225
28.5866
28.8589
28.8859
28.9815
28.6661
28.9641
28.5679
28.8963
28.4401
28.2037
28.8007
28.8756
28.5595
28.5231
29.0713
28.7511
28.5474
29.0386
29.1526
28.7646
29.1137
28.8212
28.7776
28.7168
28.7445
28.6936
28.6969
28.8052
28.4222
28.9872
28.5185
28.8266
28.3634
29.0109
28.847
28.8541
28.5644
29.0193
28.9208
28.5435
29.0006
29.1918
28.5329
29.2372
28.7217
28.9402
28.9324
29.3465
29.2842
28.7028
28.7154
28.8945
29.1767
29.2956
28.9042
28.9702
29.161
28.9407
28.6518
29.1427
28.8749
28.8259
29.0941
28.9724
29.0672
28.6417
29.2367
28.6781
29.1509
28.8307
29.1181
28.8695
29.1902
28.8071
28.7691
29.0559
28.8879
28.8492
28.7195
28.9571
28.8328
28.8984
28.7861
28.8736
29.1019
29.0303
28.9578
29.0861
29.0059
28.8386
28.8424
29.0871
28.912
28.8406
29.0529
28.9276
29.1593
29.1118
29.2433
29.0021
28.6709
29.1568
28.5894
28.913
29.0381
28.9928
28.8882
29.1637
28.8293
29.0405
29.2698
28.722
29.2841
29.1961
29.207
28.6854
28.773
29.2874
28.6125
29.421
29.2551
28.7494
29.0866
28.9907
28.6987
28.9473
28.7821
28.5443
28.9781
28.6938
28.789
28.9371
28.5968
28.5999
29.0816
29.1376
28.64
28.6668
28.2994
29.0057
28.72
28.7432
28.8607
28.7469
28.721
28.7688
28.9109
28.6974
28.9493
29.0559
28.9319
29.0925
28.707
29.1684
28.74
28.9136
29.2914
29.2122
29.0442
28.3351
29.3485
28.8308
28.8787
28.9915
28.3615
28.891
28.7523
28.3396
28.928
28.5424
28.7208
28.836
28.8443
28.7709
28.6264
28.7218
28.6951
28.9177
28.8801
28.6254
28.5471
28.6363
28.7632
28.7018
28.8451
28.8061
29.1986
29.1056
29.0367
28.7093
28.9587
29.1621
28.8778
29.0399
29.0423
28.9636
28.8654
28.6314
28.5182
28.5491
28.8132
28.9021
29.1454
28.5533
28.7532
28.955
28.9644
28.6793
29.2852
28.7693
29.1092
28.5873
28.8878
28.8487
28.7755
29.1834
29.0554
28.9303
28.8685
29.2331
28.6946
28.8941
28.7933
29.1718
29.0432
28.8026
28.8201
29.1821
28.9599
28.5139
28.9373
28.6164
29.3684
28.781
28.7732
28.6314
28.9498
28.5457
28.9577
29.1464
28.8782
29.0345
28.7909
28.6275
28.7352
29.3232
29.2068
28.8845
29.0123
28.7718
28.9904
29.0188
28.6811
29.1034
28.8013
28.7916
28.6919
28.7987
29.0325
28.666
29
29.147
28.7036
29.0759
29.1458
29.0032
29.1279
28.7604
29.1287
28.9443
29.201
28.203
28.7586
28.8167
29.2398
29.0231
28.861
29.206
28.9156
29.0757
29.4176
28.9688
29.2056
28.7812
28.8211
29.1021
28.9059
28.9961
29.4094
28.7094
29.1751
28.9444
29.2447
29.19
28.9666
28.9096
29.3814
29.1603
28.889
28.9613
28.8344
28.9036
28.7398
28.7234
29.0705
28.8798
29.0518
28.9604
29.1456
29.0456
28.5332
29.4227
28.6531
28.2974
29.1968
28.989
29.3579
28.8191
28.8612
29.2056
29.0759
29.377
29.1229
28.9883
28.5845
29.0385
28.7411
29.5352
28.5683
28.9197
28.9288
28.8886
29.0235
28.9202
28.8976
28.8986
28.8115
29.3564
28.9459
28.6464
28.8122
28.5955
28.9365
28.9967
29.078
28.6779
28.8924
28.9502
28.7308
28.982
29.0376
28.8833
28.9731
29.2174
28.9867
28.9177
28.9615
28.8806
28.7965
29.0485
28.8689
28.6327
28.8937
29.1202
29.0188
29.2418
28.7351
28.6087
29.103
28.8065
28.7804
28.5119
29.1589
29.1838
28.8518
28.511
28.9347
29.1549
28.9236
29.1443
28.6728
28.795
29.0153
29.2017
28.733
28.8715
28.732
29.0436
29.0485
28.8115
29.2583
29.0357
28.6706
28.9935
28.7562
28.8926
29.0439
28.4139
29.0583
29.1702
28.6149
28.9256
28.6914
28.422
29.1556
28.851
29.0166
28.6426
29.2475
29.4403
29.1107
29.2731
29.0657
29.1511
29.1367
29.0489
28.8608
29.0349
28.686
29.4113
29.2302
29.2887
28.6898
29.1544
28.9703
28.9095
28.8815
28.7315
28.9623
29.0245
28.8797
29.3787
29.2606
28.8832
28.9211
29.0356
28.5876
28.7319
28.6746
29.0511
29.1337
28.7542
28.8314
28.8486
29.2453
29.0652
29.3775
28.8939
29.1043
28.9529
29.0988
28.8645
28.4944
29.1714
28.8242
29.0298
29.0005
28.8603
28.9001
28.6597
28.9675
29.1754
29.071
28.9148
29.2964
29.3321
28.6487
28.4498
28.7253
29.2483
28.9108
28.8912
29.0193
29.1635
29.2077
28.8413
28.8562
28.8873
28.5422
29.1158
29.0093
28.7306
28.7805
29.0188
28.721
29.0329
28.8202
29.1526
28.8757
28.9071
28.7769
28.701
28.7361
28.8406
28.9617
28.71
28.9031
29.0148
29.1967
28.3178
28.8568
29.0155
28.6198
28.839
28.936
28.8922
29.0727
28.9394
28.7776
28.9368
29.1161
28.8867
28.8561
28.78
29.0775
28.963
28.375
28.8459
29.2023
28.4287
28.9819
29.0659
28.6484
28.8654
29.1949
28.5486
28.7357
28.6185
28.7109
28.8894
29.0502
28.6483
28.807
28.83
28.9179
28.867
29.0643
29.0515
28.9761
28.6654
29.6041
28.8966
28.9961
29.0138
29.0973
28.9445
28.718
28.739
29.2622
28.5971
28.6613
28.3881
29.2771
28.8135
28.7385
28.8069
29.0424
28.7932
28.8989
28.9805
29.026
28.9145
28.8102
28.6181
28.9001
28.6609
28.8926
28.9419
28.4271
28.6453
28.506
28.9934
28.8265
28.9417
28.672
29.2284
28.8655
28.9299
28.8795
28.9777
28.9646
29.0103
28.8958
28.9057
28.7563
28.611
29.1761
28.8598
29.2692
29.2701
28.8109
28.6523
29.1207
28.5724
28.7139
29.3359
29.0964
29.1753
28.6884
28.6705
28.6627
28.7488
28.5624
28.5131
28.8564
28.8115
28.9401
28.8224
28.9802
28.8533
28.7197
29.0386
28.9262
28.8215
29.1057
29.0674
29.2221
28.9726
29.1289
28.6054
28.7909
28.8486
28.8726
28.791
28.6645
28.7255
28.7286
28.8943
28.5985
28.996
28.7416
28.8002
28.8707
28.1176
28.6438
28.9509
28.7359
29.0292
28.8614
28.9177
28.5369
28.36
28.8157
28.4835
28.7238
29.1226
28.959
28.8244
28.4753
28.4319
28.8431
28.7317
29.0973
29.0611
28.8118
29.0693
28.7203
29.1553
28.9097
28.8914
28.8201
28.4156
28.7161
28.95
29.0178
28.8346
28.919
29.3099
28.7244
29.0483
28.9847
29.0162
28.9099
28.9292
28.6008
28.824
28.7488
28.6782
29.3962
28.4809
28.4352
28.5824
28.9485
28.7479
28.8844
28.5983
28.9366
28.6797
28.6038
29.0397
29.1956
28.6702
28.8997
28.5794
29.2809
29.0388
28.8096
29.3175
28.7362
28.7645
28.7029
28.9135
28.9401
28.7426
28.938
28.2914
28.6717
28.4583
28.8877
28.8459
28.6183
28.1879
28.7436
29.1666
28.4458
28.8122
29.2386
28.6527
28.9032
28.8601
29.0545
28.8056
29.039
28.5569
28.5178
29.0058
28.6399
28.9789
28.6967
29.0914
29.1945
28.6425
28.8346
28.6881
29.0384
29.5635
28.7827
29.0283
28.9948
28.9404
29.4932
29.2897
29.2942
29.2086
29.0539
29.1137
28.1805
28.9774
29.0659
29.2016
28.8276
29.0212
29.2633
28.5938
29.026
29.0691
28.7155
29.1954
29.0029
28.5459
28.9134
28.8459
29.3503
29.1873
29.361
28.5413
28.8381
29.0546
28.719
28.9571
28.894
28.8679
29.0189
28.9654
29.2401
28.7307
28.8567
28.9404
28.8393
28.6178
28.7475
28.7734
29.3297
28.704
29.382
29.1413
28.8531
28.9775
28.8337
28.9524
28.9263
28.7365
28.9664
28.842
28.7955
28.7711
29.042
28.5145
29.1747
28.8127
28.7879
29.0851
28.9326
28.7916
28.8292
28.8191
28.5746
29.0373
28.8515
28.8281
28.9607
29.1183
28.9837
29.2903
28.8213
28.8268
28.9436
28.7648
28.8124
28.9535
29.0234
28.6149
28.6707
28.7201
28.8443
28.9396
28.5995
29.1116
28.9734
28.6192
28.3326
29.0085
28.9877
28.8427
28.5401
28.661
28.7254
28.934
28.5481
28.8024
29.182
29.0275
29.0995
29.0927
28.7935
29.0915
29.0545
28.7453
28.6074
28.9439
28.735
28.844
28.278
28.9565
28.7084
28.6666
28.649
28.1829
28.8694
28.5108
28.7924
28.9867
28.519
28.7474
28.6464
29.0171
28.9436
28.9609
28.8918
28.6946
28.974
28.8888
29.0372
28.9536
28.7179
28.7998
28.7945
28.6145
28.5464
28.6979
28.5066
29.0322
28.6491
28.7054
29.0492
28.7357
28.9174
28.7614
28.6414
28.3363
28.8205
29.0682
29.037
28.7775
28.596
28.8544
28.9388
28.7459
28.9926
28.9167
28.6211
29.1906
28.9858
28.6228
28.8659
28.9849
29.0586
29.1631
28.7901
29.0393
28.5304
28.7498
28.691
28.4158
28.9811
28.5925
28.4382
28.7467
28.4135
28.9035
29.2309
28.8771
28.9172
29.002
28.7809
28.6387
28.7122
28.9503
29.1865
28.8484
28.4855
28.8676
29.022
28.3076
28.9264
28.5253
28.6812
28.7539
28.5386
29.1161
28.6687
28.5188
28.9327
28.5637
29.281
28.8659
28.5478
28.7911
28.7067
28.6706
29.1539
28.9839
28.4202
28.5766
28.9047
28.7209
28.8339
28.8382
28.9813
28.7329
29.2485
28.8484
29.1354
28.8505
28.5386
29.1103
28.4532
28.8991
28.8555
28.5706
29.0477
28.4611
28.824
28.7695
29.0106
28.811
28.6649
28.7239
29.0513
28.8377
28.7058
28.6611
29.0094
28.4
28.6191
28.926
28.7415
29.0386
28.8988
28.9461
28.996
28.4614
28.9749
28.8914
29.2635
28.6997
28.3108
28.875
28.6504
28.6877
29.0433
28.9075
28.6235
28.7513
28.5938
28.6328
28.3391
28.4854
28.6481
28.4326
28.8681
28.6974
28.7332
29.036
28.207
28.9399
28.742
28.4019
28.3613
28.8486
29.0705
29.0374
29.0977
29.0084
28.9456
28.922
29.0993
29.3249
28.9397
28.9046
29.5799
28.2681
28.8311
28.7198
28.9459
29.3307
29.1173
29.1683
28.8517
28.6923
28.8661
28.9611
29.0478
29.1132
28.9769
29.1462
29.8195
28.7898
28.9508
29.3708
28.9854
29.0595
29.4011
28.7902
28.9209
29.0664
29.2868
29.2552
29.1539
29.4625
29.3579
29.6244
28.8969
29.2749
29.3289
29.196
28.8042
28.7164
28.672
28.737
29.3444
29.2682
29.2599
29.4232
28.5673
28.951
28.9532
29.1755
29.1773
28.8748
29.326
29.2224
28.8639
28.6427
28.6568
28.7161
28.842
28.9417
29.0043
28.9239
29.0782
28.9327
29.0562
28.977
28.721
28.8939
28.9816
28.7846
28.7451
28.8415
28.9301
28.5447
29.0162
29.092
28.5961
28.4727
28.7325
28.7483
28.7759
28.4066
29.238
28.5818
29.104
28.4214
28.9685
29.1601
28.8024
29.0183
28.7095
28.4788
28.9322
28.9005
28.7141
28.6613
28.3667
28.5986
28.9494
28.5528
28.7343
28.9575
28.7734
28.6813
28.9582
28.8151
28.5283
28.8302
28.9579
28.9366
28.9854
29.0599
28.784
28.8129
28.9856
28.9601
28.6466
29.125
29.1411
28.8905
28.8091
28.8685
28.9457
28.8052
28.8725
28.9346
28.9753
28.7149
28.7886
28.9895
29.1292
28.5298
28.6954
28.8182
28.7344
28.853
28.8387
28.6564
28.7444
28.6159
29.3216
28.958
29.0616
28.6795
28.7609
29.0916
28.3828
28.7104
29.0787
28.4954
28.71
28.6311
28.8487
29.1509
28.7018
28.9103
29.0544
28.4626
29.1405
28.4773
29.0433
28.4802
28.6557
29.1127
28.3598
29.0938
28.9969
28.8526
28.964
28.8956
28.5562
28.4611
29.1608
28.9204
28.9214
29.1448
28.8293
29.195
28.9495
29.4088
28.7828
29.1914
28.796
29.0173
28.8839
28.5932
28.9529
28.54
28.6231
28.5962
28.9144
28.975
29.1986
28.946
28.8457
29.1203
29.0002
28.909
28.7211
28.5685
28.541
28.7359
28.8127
29.0739
28.9269
28.6328
29.034
29.0492
29.2284
29.1392
29.4619
28.9225
28.9683
28.5644
28.8298
28.8764
28.5404
29.146
28.702
28.7486
28.9961
29.0238
28.7726
28.4949
28.8759
28.9879
28.9569
28.9504
28.5853
29.1277
28.7331
29.0461
28.9945
29.109
29.2997
29.0107
28.9322
28.77
28.7904
28.9373
29.1037
28.9312
28.7751
28.8794
28.7198
29.2145
28.7292
28.9411
28.7119
28.9856
28.8503
28.8653
29.0409
28.569
28.7495
28.7749
29.0165
28.6403
28.7046
28.7987
29.1204
29.18
29.118
28.9702
28.9083
29.0359
28.6413
29.2825
29.0557
28.7921
29.1562
28.82
29.3036
28.8721
28.7187
28.6729
28.9621
29.062
28.8307
29.0124
28.9587
28.9358
29.4344
28.6558
29.2481
29.0128
29.476
29.2981
28.7351
29.0323
28.7951
28.8151
28.6815
28.8759
28.5726
28.4823
28.6865
29.0528
29.0741
29.4037
28.8283
28.9256
29.0854
28.9643
28.5586
28.7233
28.8439
29.1798
28.8996
29.1239
28.0129
28.6002
29.3039
28.9742
28.8903
29.0993
29.1058
28.8778
28.785
29.1485
28.9404
28.6666
29.0938
28.9644
28.5959
28.6982
29.04
28.8911
29.0847
29.0154
28.299
29.2308
28.5871
28.9978
28.89
29.0237
28.9563
28.6228
28.9932
28.625
28.9475
28.4327
28.4765
29.0346
28.8589
29.2082
28.4994
29.3443
28.8807
28.7814
28.8626
28.8271
29.1291
28.707
28.6379
28.832
28.972
28.9504
29.0422
29.041
28.681
28.7112
28.9089
29.3127
28.5934
29.143
29.0495
29.2579
29.0885
28.9135
29.4104
29.1912
29.3489
29.0057
28.8411
28.5327
28.9074
29.0356
29.0425
28.4438
28.9861
28.9999
28.7077
28.9229
28.76
29.0144
28.4989
28.8826
28.843
29.2054
28.8786
28.6025
28.4798
28.9494
28.8575
28.7203
28.7734
28.6518
28.8847
28.7085
28.968
28.6709
28.8849
28.7141
28.7278
28.5849
28.6429
28.8959
29.3266
28.8635
28.6124
28.4873
28.8108
29.0666
28.812
28.4613
28.8334
28.8528
28.9787
28.9646
29.0404
28.984
28.9384
29.0021
28.6402
28.9533
28.9561
29.1623
28.689
28.9021
28.7088
28.8734
28.7096
28.8334
28.9773
28.6558
28.9605
28.945
29.1677
28.6461
28.9762
29.1409
29.0413
28.9546
28.6734
28.5562
28.8028
28.9283
29.0964
29.0207
28.8424
28.8957
29.2542
29.0945
28.8831
28.4944
28.7823
28.706
29.1011
28.6406
28.0466
29.2606
28.9449
28.8188
28.6346
29.0069
28.5214
28.7621
29.0153
28.9118
29.0857
28.7948
29.3503
28.919
28.431
28.9778
28.7111
28.7035
28.7026
28.7529
28.3381
28.6072
28.9124
28.9543
28.9645
28.4918
29.1164
28.6604
28.3954
29.0144
28.3598
28.6038
28.6061
28.7745
28.8212
28.9044
29.0363
29.3341
28.6423
28.7172
28.5863
29.0371
28.4678
28.1644
28.9626
28.8349
28.6315
28.2695
28.6579
28.6442
28.939
28.5572
28.9687
29.1262
28.7134
28.6367
28.6713
28.9292
28.7619
28.8635
28.62
28.3435
28.9645
28.7491
28.8211
29.1608
28.836
28.8607
28.7157
28.9327
29.1726
28.7782
28.6585
29.3725
28.8491
28.9347
28.5816
29.096
28.7155
29.1812
28.8783
28.8329
28.5498
28.9337
28.7667
28.8143
28.9819
28.8003
29.2265
28.8215
28.8516
28.7478
29.4259
28.9407
28.7063
28.3973
29.0312
29.3485
28.932
28.7617
28.9396
28.6366
28.691
28.7618
28.9426
28.8113
29.5623
28.9263
28.9424
29.0639
29.0469
29.0222
28.9216
28.7991
28.6969
29.2076
29.0685
29.2774
29.3617
29.0025
29.3337
29.2073
28.985
29.0169
29.3598
29.127
28.94
28.9895
29.0167
29.1046
29.4512
29.168
29.0267
28.7745
28.8518
28.5331
28.7456
29.3749
28.9603
29.1092
28.8032
28.4926
28.9037
29.3977
28.9687
29.3401
29.1717
29.0983
29.231
28.427
28.8048
29.0231
29.2076
29.3118
29.3223
29.0896
28.836
28.889
28.9862
29.1184
28.643
28.7895
28.3628
29.1788
28.9644
28.6845
28.513
29.2654
29.1474
28.9431
28.8918
28.4614
28.9946
28.8912
28.9851
28.8618
28.9044
28.999
28.9862
29.0376
28.8115
28.5858
29.0141
29.1953
28.8649
28.784
28.6243
28.9362
28.7763
29.0644
29.1824
29.1792
28.8961
29.0405
28.5432
29.1074
29.3144
28.9439
28.9058
28.6757
28.8323
28.7509
28.961
29.056
28.849
29.0521
28.8315
28.7045
28.9674
28.7818
29.0854
29.2577
28.7763
29.1969
28.8864
28.6752
29.2636
29.1064
28.806
29.1153
28.769
28.6944
28.9879
28.9388
28.5295
28.7555
29.0855
29.3085
28.9629
29.0542
28.5761
28.693
28.8689
28.6891
28.8984
29.3082
29.011
28.7652
28.4889
28.8016
28.9924
29.4613
29.217
29.0612
28.8341
28.5024
28.9484
28.9079
28.9944
28.78
28.9258
28.8537
28.8831
28.8149
28.8343
29.1978
28.4701
28.5953
29.0717
28.943
28.7608
28.5753
29.1896
28.5187
28.5055
28.7658
28.9802
28.6876
28.8934
29.1615
28.9555
28.9648
28.6292
28.8421
29.0246
29.3063
28.5846
28.7725
29.3774
28.9992
29.0121
28.9831
29.0376
28.7445
29.1738
28.8015
29.0738
28.8539
28.3667
29.2088
28.9815
28.7108
29.0911
28.9397
28.8064
28.9528
28.5582
29.2169
28.8655
28.976
28.9949
28.9297
29.0474
28.801
28.9387
29.1329
28.9565
29.1468
28.8706
28.7737
28.7063
29.0381
28.8842
28.9521
28.5116
28.3232
28.7651
29.134
28.6066
28.8774
29.0516
28.596
29.3488
28.644
29.047
29.2133
29.1847
29.2139
28.8411
28.8352
28.9227
28.9417
28.5098
28.9577
29.0346
28.42
28.6384
29.0069
28.8485
29.0652
28.7455
28.6819
28.7806
28.7164
28.741
28.8283
28.9432
28.5803
28.4313
29.1719
28.4067
28.2464
28.6764
28.6131
28.9671
28.6887
28.7164
28.7907
28.9773
28.795
29.1734
28.8593
28.9196
29.2381
28.402
28.9912
28.7847
28.8173
28.5411
28.6944
28.9223
28.8869
28.524
28.7682
29.0795
28.4978
28.5976
28.7559
28.8828
29.0813
28.7771
28.5352
28.6466
28.6693
28.8411
29.1967
29.1384
29.2608
28.6215
28.7674
28.9258
28.9733
29.1937
28.8571
28.4417
28.8093
28.5685
28.8537
29.1944
28.8082
28.7151
28.8222
28.8439
29.0256
28.3812
28.6904
28.687
29.1968
28.7941
28.827
28.5937
28.7333
29.1309
29.2022
28.8112
28.4785
28.8931
29.1345
28.8797
29.0432
28.8856
29.1619
28.536
29.1817
29.2255
28.9039
29.4506
28.9618
29.321
28.7148
28.7347
28.8548
29.1967
28.9242
28.9829
28.7199
28.67
29.3635
28.6817
29.0015
29.0398
28.8656
28.9342
29.184
29.0681
28.9791
29.2382
28.9839
28.9278
28.5183
28.9258
28.8878
28.9001
28.5133
29.084
29.1747
28.7676
28.8317
28.7859
28.7771
29.0727
29.3431
28.7326
29.011
29.0174
28.6532
28.6632
28.8994
28.7393
29.0465
29.0388
29.0362
28.6376
28.5042
28.7653
29.0725
28.749
29.0759
29.0436
28.8182
28.9127
28.7517
29.0624
28.639
29.1976
28.5824
28.643
28.8986
29.0969
29.1573
28.7079
29.0343
29.0367
28.5971
29.0239
28.7116
29.1517
28.7322
28.6979
28.812
28.6424
29.1436
28.8875
28.795
28.9665
28.9897
29.0614
29.4015
28.9699
29.2274
28.7695
29.1591
29.1645
28.7501
29.0738
29.4316
29.0776
29.2323
28.7393
28.6042
28.7732
29.2284
29.0572
28.4849
28.8971
28.4107
28.9136
28.5956
29.2329
28.9825
28.9243
28.6629
29.2941
28.9591
29.128
28.6622
28.7591
28.8652
28.9685
28.9344
28.6248
28.6432
29.0598
28.8368
29.044
28.6304
28.4874
28.4149
28.6599
28.7971
28.5032
28.7435
28.6821
28.8369
28.7689
28.8385
28.5685
28.7209
28.5066
28.3888
29.0182
28.9652
28.7072
28.8863
29.2974
29.1934
28.7382
29.1433
29.0781
29.2105
29.0799
29.069
29.2641
28.5889
29.0742
28.9867
28.721
28.8945
29.1618
29.1495
28.7339
28.747
29.1177
29.095
28.7319
29.3004
29.2533
29.0095
29.4842
29.3294
29.1528
29.1643
29.0264
29.0515
29.3733
28.8192
28.8833
28.8245
28.8221
28.5428
28.6725
29.0145
29.3031
28.9797
28.9392
28.9278
29.2157
29.12
28.8852
28.7643
28.7012
29.1049
28.9965
28.9879
28.8668
28.9391
28.9557
28.9104
28.7991
28.8626
28.9079
29.0467
28.829
28.7002
29.0917
29.0741
29.0431
29.0961
29.3883
28.7149
28.4393
28.4034
28.5833
28.7966
28.9549
28.6357
28.8279
28.8652
28.5926
29.1932
28.5192
28.6169
28.7743
28.6581
29.003
28.9078
28.4613
28.5662
28.4338
28.1738
28.873
28.6881
28.7366
29.14
28.675
28.665
28.6127
28.9774
28.5958
28.9022
28.6841
28.5084
29.2263
28.9314
29.0934
28.2535
28.8697
28.701
28.9575
28.8392
28.9734
29.3377
28.801
29.0785
28.858
28.5571
28.638
28.756
29.1868
28.8847
28.8667
28.8408
29.5501
28.83
28.8933
29.0684
28.6654
29.0587
28.8509
28.8013
28.7455
28.9137
28.98
28.4602
28.9986
28.521
28.3858
28.9992
28.7411
29.0534
29.1495
28.9241
29.079
28.5044
28.8949
28.636
28.6185
29.2107
28.9233
29.022
28.8528
28.7197
28.627
29.1211
28.5326
28.7262
28.865
28.9951
29.079
28.8689
28.8813
29.1956
29.0212
29.1321
28.7413
28.8362
28.7671
29.0287
29.1619
28.757
29.1758
28.889
28.9386
28.9134
28.8924
28.9367
28.8971
28.9393
28.8866
28.5521
28.7972
28.9961
28.6963
29.1969
28.9544
28.8593
28.878
29.3523
28.7968
28.7302
29.1735
29.2273
28.7614
29.1854
28.5237
28.5851
29.4129
29.0204
28.8437
28.6992
29.0076
28.8302
28.6424
28.7624
28.9147
28.8646
28.8084
28.9956
28.9188
28.9573
28.9866
28.7484
29.3095
28.7738
28.9012
29.1371
28.8605
28.7853
29.3405
28.5716
28.8236
28.8747
29.275
28.9846
28.6033
28.6603
28.5876
28.4479
28.4585
28.8853
28.4597
28.8806
28.8358
28.0455
28.5651
28.8157
28.3516
28.6656
28.2163
28.6751
28.7661
28.5269
28.5512
28.6999
28.4666
28.679
28.4026
28.594
28.6029
28.8138
28.4876
28.5193
28.6278
29.0132
29.3119
28.978
28.6938
28.7341
28.9093
28.8868
28.7279
28.4945
28.7855
29.1309
28.7962
28.5561
29.0226
29.1078
28.5245
28.93
29.2613
28.8236
29.2381
28.9253
28.7414
29.1913
29.3483
29.1325
28.4237
28.9861
29.0428
28.7531
29.0417
29.0066
28.6217
28.9694
28.7897
29.1497
29.1692
28.878
28.4025
28.5714
28.8047
29.274
28.3846
28.9003
29.0364
29.0526
29.1042
28.6121
29.3539
28.5868
29.2217
28.823
28.684
28.8305
28.856
29.0531
29.0025
29.0654
28.7695
28.2541
28.6596
28.8861
28.801
28.8271
28.7888
28.8544
28.9346
28.9661
28.9716
28.8519
28.9621
29.0479
28.722
29.1091
28.3588
28.634
29.1592
28.5239
28.9523
29.0753
29.1069
28.9264
28.766
28.8918
28.7924
29.1258
28.73
28.5844
28.4448
28.6101
28.6417
29.3854
29.2144
28.8756
28.9502
29.2203
28.8301
29.1902
29.1642
28.99
29.1615
28.9402
29.0284
28.8215
28.6855
28.7178
28.8439
28.6752
29.2181
28.7187
28.7976
28.9986
28.9705
28.9129
28.9426
29.0682
29.1507
28.6255
29.0982
28.8971
29.5162
29.0639
29.0025
28.948
28.6638
28.5742
28.8002
28.9206
28.7686
29.0886
28.6504
28.938
28.815
28.6954
28.652
29.0385
28.7318
29.0675
29.0849
28.9984
29.2388
28.8107
29.3064
28.9321
28.9836
29.03
28.9194
29.234
28.7071
29.0035
29.0046
28.6898
28.5006
28.9322
28.5215
28.7224
28.8112
28.9535
29.3848
29.1134
28.6673
29.0443
28.889
28.8457
28.7487
28.9162
29.1295
28.6824
28.8515
29.112
28.9556
29.1098
28.9981
28.7397
28.3344
28.7582
29.1883
28.7106
28.7057
29.2869
29.2355
29.0024
28.9863
29.2677
28.6239
29.1886
29.1029
28.6401
28.5144
28.6874
29.1919
28.6755
28.5208
28.2879
29.0923
29.2169
28.7884
28.7607
29.1203
28.4983
28.8791
28.4273
28.7442
28.5629
29.0251
28.7419
28.9184
28.5295
28.6469
28.4054
28.7231
28.4316
28.7765
28.534
28.7374
28.497
28.9021
28.8527
28.5649
28.6518
28.7018
28.5806
28.9863
28.7924
28.5529
28.7848
28.7815
28.6852
28.4239
28.7006
28.8602
28.8273
28.7282
28.9979
28.9701
29.1109
28.8717
28.9929
28.9167
28.8102
28.8715
28.7417
29.1859
28.754
28.6154
28.9957
28.6509
28.7895
29.2179
29.1369
28.4978
28.9983
28.813
28.9212
28.9721
28.9654
29.1736
29.0074
28.6297
28.5471
29.0089
28.8534
28.8741
28.7006
29.1647
29.1055
29.2931
28.5614
28.9375
29.1395
28.9754
29.0954
28.8143
28.5395
28.8327
28.9364
28.9106
28.6267
28.7639
28.9036
29.1095
28.8919
29.1049
28.9614
28.8363
28.6945
28.7122
28.5146
28.8769
28.5212
28.5607
28.715
28.5336
29.0884
28.0844
28.5493
28.8915
28.7791
28.6442
28.6059
29.0743
28.856
28.8314
29.1374
28.6312
28.6789
28.8832
28.7746
28.9859
29.1273
29.1495
28.8917
29.3426
28.8245
29.2301
28.8046
28.8638
28.6109
28.953
28.7734
29.3959
29.0293
28.7864
29.2539
29.1005
28.8164
28.9148
28.4816
28.8416
28.6892
29.1972
28.7112
28.8003
29.3161
28.917
29.2646
29.1044
28.9156
28.9676
28.8102
28.955
28.7482
28.1678
29.1458
28.8217
29.3948
29.0579
29.3526
29.2154
29.2936
28.5311
28.7193
28.7786
28.5606
28.9521
28.9201
28.6591
28.9898
28.7973
28.8879
28.758
29.0111
28.9287
28.7873
29.1454
28.6416
28.9784
28.4327
28.7606
29.0461
29.1294
29.0879
28.9466
29.1783
28.7835
29.444
28.9716
29.0627
0.0000
