2.72857
3.26106
2.71126
2.80492
2.96371
3.34435
2.99741
2.56373
2.87703
3.29431
3.2307
3.14847
2.78012
2.88495
2.9271
2.93197
3.05384
3.22765
3.45801
3.47832
3.01012
2.66707
2.78002
2.70899
3.04028
3.12926
3.34647
3.03283
2.80537
2.83219
3.13401
2.54138
2.82035
2.98893
2.96385
3.21122
2.62709
3.07507
2.75718
2.84855
2.78803
3.12936
2.91043
3.11677
2.55242
2.92809
3.09757
3.07936
3.19678
2.96053
3.11163
3.35043
2.95503
3.02934
2.74853
2.75876
3.272
3.32495
2.99432
2.88201
2.72042
2.87165
3.30975
3.18058
2.6511
3.08867
3.17528
2.76991
2.84915
2.77959
2.86097
3.26207
2.73488
3.00353
2.85318
3.30747
2.91725
3.34094
3.06494
2.93105
2.96666
3.18827
3.21943
2.89131
2.60599
3.26243
2.90912
3.3377
3.43763
2.68069
3.06854
3.26869
2.89459
2.84835
3.0652
3.20769
3.10994
2.92771
2.89203
2.78973
3.34996
2.41125
3.36913
3.2323
2.66241
2.79503
3.03672
3.11752
3.08456
2.73225
2.75741
3.27122
2.60775
2.73426
2.96431
2.97954
2.891
3.47795
2.94242
3.17272
2.98915
2.68494
2.84763
2.99654
3.4005
2.85487
3.27199
2.99071
3.16306
3.18322
2.93489
2.90024
3.00331
3.30954
2.80033
3.32312
3.17451
3.21211
2.7842
2.4991
3.12116
2.7151
2.26685
3.11837
2.89209
3.13658
3.02245
3.1012
3.20791
2.97691
3.03819
3.22615
2.98705
3.21223
2.49528
3.23198
3.06471
2.82663
2.69032
2.83756
3.21175
3.12252
2.76041
2.92285
3.26418
2.7139
3.27339
2.73286
2.65248
3.11793
2.79259
3.1469
2.72411
2.86951
3.04925
2.95975
3.18219
2.99751
3.14347
3.108
3.14613
2.77025
2.85599
2.95458
2.42984
3.51645
3.2475
2.94078
3.14386
3.01771
2.92001
2.75248
3.2718
3.20964
3.1833
2.75523
2.17388
2.98321
2.77451
2.95831
3.02
3.07635
2.8737
2.7781
3.03908
3.20327
2.87854
3.1184
3.26657
2.95784
3.09824
3.18209
3.15699
2.27236
2.95994
3.20462
2.75437
3.05809
2.8268
3.0411
3.18121
3.38389
2.90532
2.93125
3.18599
2.79598
2.95326
3.13228
2.83894
2.67882
3.07942
3.01565
3.19551
2.99481
3.15914
2.61276
2.26361
3.25567
2.55694
2.89683
2.96168
2.58518
2.97078
2.91253
2.65878
3.32654
2.85503
2.81183
2.9754
3.11753
3.13076
2.79862
3.12218
3.00441
2.8894
2.55891
2.96248
3.05632
2.99452
2.91792
3.07031
3.23068
2.82881
2.98882
2.83492
2.97103
3.25372
2.90333
3.23593
2.9234
2.98968
2.75239
3.09859
2.85542
3.09685
3.05806
3.02319
3.23132
2.68353
3.01194
2.99986
2.93031
3.32521
2.89274
3.018
2.96244
3.07137
2.78983
2.94426
3.21629
3.1319
2.64803
2.81841
2.72726
3.19156
3.03203
3.0512
3.06607
2.56858
3.04201
2.90453
2.95302
2.69951
2.96308
2.64617
3.09517
2.95863
2.95604
2.95138
3.26551
3.13432
2.74981
2.52118
2.87795
2.71184
3.00087
2.95023
2.96291
2.8757
2.81732
3.01383
2.79686
2.44424
2.56162
2.90585
2.77531
2.97722
2.72537
2.79327
2.61526
2.93123
2.64401
2.69745
2.90091
2.6817
2.75581
3.11741
2.93958
3.03585
2.91661
2.72283
2.80545
3.01616
2.66381
2.95067
2.91645
2.78539
3.42466
2.90186
3.1213
2.73778
3.00425
2.97747
2.86899
3.00773
2.90612
2.93098
3.09042
2.96975
2.57016
2.97479
2.5213
2.96661
2.67015
2.48147
3.09731
2.95612
2.34759
3.05034
3.02252
2.91068
2.77367
2.98274
2.81623
3.21352
2.99995
3.01529
3.10822
3.17126
2.68031
2.72203
2.64564
3.32884
2.9635
3.15731
2.74233
2.63279
2.52986
2.91374
3.0571
2.76985
2.70439
2.24573
2.03213
2.59764
2.90909
2.97139
3.01838
2.59956
3.09879
2.47615
2.87561
3.06293
2.82474
2.70988
3.00809
2.71434
3.15
2.58831
2.6772
2.81935
2.74854
2.95917
2.72418
2.94289
2.67724
2.928
2.9758
2.98585
2.51515
2.80285
3.01584
2.48044
2.83569
3.08519
2.924
2.81706
2.54074
2.7749
2.75052
2.70809
2.96888
2.91176
3.08979
3.066
2.78447
2.97278
2.82544
2.65071
2.73792
2.48688
2.90762
2.53131
3.45748
2.93819
2.93831
2.53063
2.6357
2.96198
2.97413
2.82198
2.49833
3.1298
2.59708
3.27001
2.48702
2.73625
2.64694
2.73847
2.89765
2.60542
2.73539
3.2327
3.4737
2.88528
3.20302
2.67925
2.8323
2.88796
2.5944
2.68464
3.04846
2.61616
3.27022
2.96157
2.92564
2.64702
2.87169
2.45976
2.84478
2.74291
3.08863
2.7107
3.22171
2.344
3.39015
2.65398
2.90337
3.08944
2.62987
3.46855
3.31276
3.30428
3.16053
2.98979
3.47162
3.14017
3.11284
3.24296
3.11118
3.04908
3.16739
2.92761
3.1308
3.09488
2.957
2.88107
3.15709
2.93402
2.47534
3.56111
3.01667
2.43972
3.37257
2.75525
2.84982
2.96944
2.95771
2.91192
2.95231
2.58562
2.89598
3.10965
3.12104
3.21209
2.94655
3.36171
3.28069
3.11504
2.96828
2.97118
3.04165
2.9501
2.68711
2.93405
2.61594
2.93411
3.38628
2.92002
2.79506
2.94357
3.12464
2.90969
3.18027
3.14901
2.92927
3.24573
3.11604
2.99127
2.96048
3.27159
3.172
3.03105
3.37548
3.60621
3.14899
3.10583
3.39164
3.04058
2.9913
2.90312
2.90722
3.15185
2.78323
3.17013
3.62971
3.53072
3.26989
3.10548
3.01469
2.81606
3.03373
3.20979
3.16747
3.43341
3.25991
2.94503
3.37308
2.858
2.76239
2.88377
2.68628
2.67808
2.71425
2.90436
3.08226
3.09168
2.66312
2.74398
2.76585
2.57438
2.82108
2.72684
2.89873
2.72987
2.71204
3.14809
2.98544
3.17337
3.26282
2.62245
2.55056
2.71666
3.2262
2.58607
2.91008
2.80201
2.99726
2.96031
2.53931
2.82121
2.91986
3.35275
2.75633
3.0036
3.31925
2.82744
2.57936
2.92713
3.17502
2.9695
2.63712
3.02649
2.82762
2.94113
2.90883
3.20197
2.9439
2.88087
2.62859
3.15123
2.6671
2.9073
3.02651
2.57633
3.0857
3.08305
2.6985
2.95894
3.16145
2.87975
3.33955
2.99385
2.63437
3.08346
3.12075
3.26881
2.69052
2.78706
3.02621
3.24476
3.0308
3.64544
3.02295
3.22405
2.83232
2.82377
2.90972
2.94526
3.13432
3.06196
2.64717
2.95619
2.97715
2.87732
2.53479
2.8691
3.03746
3.0747
2.82008
3.06458
2.93867
2.56112
2.91166
2.66108
3.09589
2.95087
2.07486
2.87477
2.60789
2.82759
3.23305
2.89815
2.72824
3.21739
2.48149
2.91175
2.67289
2.67311
2.55305
2.43992
2.51539
2.43614
2.93954
2.69134
2.9027
2.91418
2.33058
2.63052
2.83188
2.61394
2.64581
2.38892
3.025
2.74927
2.91341
2.60904
2.8375
2.67991
2.77989
2.31944
2.7516
3.2465
2.61554
2.89142
2.59172
2.40589
2.58717
2.91402
2.92077
2.46342
2.43528
2.81687
2.78206
2.60103
2.83302
2.52551
2.79423
2.93185
2.58897
2.13266
2.97338
2.68895
2.89021
2.63675
2.51065
2.69526
2.82783
2.63785
3.0041
2.33128
2.99508
2.85695
2.65905
2.73694
2.9929
2.65875
2.5522
2.58781
2.5712
3.01781
2.85251
3.26306
2.88025
2.52878
2.72741
2.61102
2.81004
2.4751
2.84858
2.94163
3.09497
2.95211
2.18521
2.74818
3.16217
2.96389
2.73843
2.46056
2.94183
2.52365
2.92002
3.0903
3.02652
3.00384
2.98186
2.64813
2.93694
2.43831
2.86408
3.1345
2.70492
2.46118
2.81545
2.76122
2.70794
2.85588
2.40065
2.62648
2.67447
2.79461
3.0785
2.37419
2.6852
2.64535
2.64386
2.75586
2.68964
2.66403
2.70332
2.79309
3.03596
2.74254
2.62894
2.83962
2.90326
3.0304
2.69507
2.44374
2.74564
2.59028
2.63877
2.99866
3.40034
2.79053
2.78785
2.5068
2.67589
3.24843
2.86529
2.81351
2.69925
2.82293
2.67669
3.13106
2.46073
2.5603
2.75752
2.75159
2.75576
2.69214
2.74053
2.81473
3.28905
2.64512
3.05495
2.61347
3.25224
2.80036
2.76773
2.53385
2.9431
2.46861
2.75544
2.8932
2.67313
2.52998
3.14023
2.44116
2.85426
2.9538
2.58922
2.74579
2.77813
2.83703
2.93709
2.75766
2.9296
3.05722
2.72227
2.73472
2.85163
2.48483
2.75369
2.59081
2.97001
3.07553
2.90644
2.71268
3.12352
2.81091
2.77842
3.07797
2.34246
2.66216
2.92133
2.64035
2.70249
2.80271
2.81977
3.08815
2.39592
2.77208
2.88242
3.27346
3.13118
2.72336
2.57772
2.59895
2.77605
2.90598
2.74066
2.89115
2.76619
3.19588
2.89869
2.74739
2.80566
2.94112
2.94052
2.91865
2.82071
2.91999
2.9055
3.06246
3.04491
2.75971
3.13524
2.62365
2.668
2.69375
2.56127
3.20507
2.41418
2.79206
2.90401
3.01363
3.00684
2.85315
2.90892
2.94725
2.82388
2.9662
3.06919
3.13524
3.11723
3.04106
2.61049
2.82843
2.78415
2.61775
2.71956
2.73906
3.10649
2.68437
3.00424
2.6975
2.93452
2.73043
3.16796
3.04763
3.42449
2.63896
3.00009
2.88967
2.73541
2.82449
2.97094
3.04248
3.03085
2.99977
2.66624
2.29053
3.099
2.79771
2.7144
3.0253
2.76022
2.48828
2.7124
2.63506
3.1105
2.71233
3.02186
2.82165
2.83614
2.91431
2.68429
2.74375
2.7782
2.69504
2.99918
2.8556
2.79288
2.82746
2.27598
2.93611
3.22295
2.81838
2.69431
3.01348
3.32301
2.89747
3.02894
3.01593
2.7346
2.82301
2.92235
3.23844
2.65263
2.5626
2.84568
2.91918
2.73253
2.61726
2.99505
2.97914
3.06638
3.08046
2.75076
2.87204
3.3158
2.90853
2.43218
2.98774
2.45252
2.97619
2.90075
3.02175
2.75526
3.00134
3.06911
3.33725
3.4297
3.03106
2.65927
2.72056
3.09717
3.26688
3.26528
3.18277
3.32137
2.58497
2.36966
2.8275
2.77458
2.86646
2.9285
2.93231
2.8998
3.07053
2.90026
2.97428
2.48921
2.9936
2.9866
2.78937
2.77812
2.38153
2.4916
2.64891
2.72399
3.12283
2.78658
2.93121
2.5876
3.04989
2.83449
3.26829
3.23084
3.0101
2.77873
3.04691
2.98588
3.01028
3.13802
2.60554
2.814
2.79358
2.42022
3.23212
3.09364
3.48897
2.58164
2.91718
3.12949
3.37435
2.89263
2.92078
3.10413
3.01901
3.11377
3.2257
2.77393
3.1427
3.0824
3.38449
2.66423
2.97209
3.0698
3.44277
2.94246
2.79437
2.94156
2.52976
2.9477
2.96111
2.41471
2.82549
3.40652
3.07519
2.92812
2.92659
2.70284
3.1504
3.05312
3.00906
2.53281
3.14302
2.92134
3.332
3.15009
3.20158
2.91239
3.00952
2.98726
3.2587
2.8855
3.115
2.81463
3.06704
2.38653
2.92994
2.71638
2.90136
2.63137
3.42887
2.36589
3.01296
2.77547
3.25192
3.20206
2.81944
2.91108
2.88339
2.53235
2.52197
2.82981
3.11141
3.08053
3.03531
3.18982
2.77891
2.51146
3.12495
2.66372
2.98835
2.81148
3.23223
2.72719
2.97012
2.80887
2.72143
3.07002
2.87257
3.04333
3.0199
2.36573
2.54674
2.55481
2.48869
2.62732
3.19389
2.62113
2.23555
3.21788
2.92681
2.94204
2.1206
3.21907
2.90239
2.56728
3.16098
3.16385
3.43474
2.91295
2.89633
2.93837
2.65445
2.5168
3.02288
2.93242
3.10674
2.40425
2.86715
3.33328
3.07561
2.68438
3.0653
3.10195
2.46663
2.9095
2.62
2.68334
2.94908
2.78607
2.50375
3.17312
3.505
2.65254
2.85969
2.96388
3.10575
2.84512
3.09281
2.69834
2.95726
3.08358
2.84505
2.97551
2.97296
3.01264
2.85847
3.0516
3.17719
2.83646
2.77586
2.44445
2.84187
3.06244
2.643
2.68732
2.96662
3.19966
2.84941
3.2766
2.4845
3.04702
2.60087
2.67024
2.64847
2.95173
2.66418
3.00139
2.80415
2.95573
2.67032
2.87084
2.71056
2.60581
2.96382
2.80921
2.77038
2.80963
2.69702
2.55115
2.77404
2.6982
2.91517
3.06875
2.4778
2.71152
2.87886
2.90189
2.84187
2.81976
2.99767
2.58261
2.67886
3.05634
2.76387
2.6439
3.08683
2.85223
3.0883
2.85825
2.57215
2.5503
3.21454
2.75402
2.59567
2.64755
3.1089
2.72721
2.68395
3.07623
2.57904
2.94943
2.85684
2.88946
2.71363
2.91348
2.9573
3.00185
2.92803
2.79241
2.85305
3.14663
2.85055
2.80428
2.51278
3.23938
2.61353
2.81734
2.96307
2.76846
2.71477
2.82637
2.74797
2.77812
2.7302
3.12965
3.13937
2.98043
2.53265
2.81343
3.25957
2.5265
2.62253
3.03762
3.00668
3.27849
2.98497
3.10077
3.06956
2.84486
2.80052
3.01655
2.77906
2.88587
2.9425
2.95643
2.97584
2.91263
2.84669
3.0691
2.98467
2.65983
2.68465
2.9736
2.9453
2.81876
2.59497
3.05196
2.85777
2.89387
2.94255
3.12881
3.21808
2.79532
3.33661
2.69208
3.05465
3.23705
3.23835
2.93509
2.53083
2.95579
3.40182
3.25275
2.81526
3.32279
2.88515
2.43335
2.82069
2.34604
2.71797
3.25282
2.97193
2.72586
3.10644
2.85862
3.17999
2.99371
2.57431
3.05944
3.20945
2.71961
3.00658
3.05217
3.29831
3.27474
2.99199
2.87809
2.90249
2.98344
3.01858
3.39444
3.32571
3.20498
3.14244
3.10788
3.27531
2.9099
3.05556
3.14996
3.24729
2.96903
2.67417
3.37996
2.55306
2.56256
2.52256
2.63247
2.77948
2.51792
2.77516
2.79325
2.92255
2.71422
2.84293
2.79208
2.65992
2.90315
2.80282
2.95876
2.79503
3.1417
2.43905
2.72343
3.19496
2.58473
2.80025
3.04058
3.21099
2.98367
2.3054
3.15801
2.47981
2.66432
2.65427
2.84562
3.1312
3.05465
2.67906
2.38501
2.85368
2.86577
2.94934
2.66345
2.47673
2.70321
2.88786
2.75404
2.70915
2.70323
2.67282
2.72633
2.54541
2.80146
2.56558
2.87888
2.50369
2.84009
2.60777
2.62932
3.00469
2.79814
3.0194
2.72344
2.83652
2.85687
2.98004
2.69839
3.2236
3.03817
3.15153
2.57715
2.44822
2.77948
3.23955
2.68533
2.93568
2.77461
2.73516
2.74977
2.95007
2.8106
3.12331
3.17305
2.96727
2.33671
2.95127
2.79946
2.71857
2.8386
3.04967
3.12695
2.68405
3.12229
2.58985
2.63347
2.8869
3.05797
2.93991
2.695
2.9494
3.10909
2.85358
2.85581
2.85391
2.4588
3.00061
3.01212
2.40249
2.86776
2.72831
2.97971
2.8462
2.72488
2.91588
2.75115
2.4459
2.88559
2.82299
3.1678
2.60168
3.05514
2.38115
2.95019
3.18299
3.15624
2.85192
2.95631
3.12445
2.6925
2.58314
2.69709
2.70385
2.62311
3.24626
2.91285
2.6182
2.97969
2.63916
2.7189
2.93021
2.78327
2.33473
2.99865
2.6373
2.94626
2.54346
2.61148
2.62197
2.90359
3.12688
3.06619
2.60192
3.02108
2.59945
2.92883
2.68671
2.7429
2.24669
3.11015
2.52995
2.85573
2.69505
2.68566
2.77544
3.05202
2.54858
3.1067
2.73112
2.86755
2.9048
2.54201
2.60296
3.18366
3.06824
3.14821
2.93879
3.03681
2.45462
2.91134
3.1025
2.80664
2.54552
2.57044
2.87984
2.98783
2.78469
2.99585
2.50039
2.99386
2.39766
2.85431
2.64849
3.03059
2.60253
2.2816
3.17471
2.95789
2.12826
2.65897
3.1691
2.64678
2.89373
3.19005
2.67969
2.78732
3.29209
2.93505
2.79719
2.71363
2.90303
2.86834
2.77011
2.54831
2.8919
2.94963
2.77317
2.35932
2.62661
2.89689
3.2691
2.60873
2.85333
3.16521
3.11311
3.28106
2.71926
3.15024
2.83917
2.97967
2.61345
2.9384
3.38094
2.89429
2.79694
2.81171
3.18958
2.63012
3.08026
3.01428
3.13762
2.90667
2.65687
2.86157
2.70548
2.97237
2.81394
2.8999
3.1035
3.14056
2.89582
2.68772
3.09607
3.03353
2.67478
2.67815
2.66762
2.67397
2.69749
2.85177
2.59373
2.8437
2.75923
2.76939
2.59901
2.92819
2.87306
3.07207
2.80539
2.85684
2.96847
2.65447
3.01731
2.94836
3.22549
2.36627
2.81161
3.14467
2.55553
2.52363
2.99383
3.29795
2.73376
2.82741
2.66521
2.57798
2.90337
3.07862
2.87674
2.3837
2.7629
2.70264
3.15588
2.62278
2.5672
2.89834
3.01869
2.65616
2.83048
2.90219
2.76554
2.98676
2.45653
2.93239
3.07356
2.46453
2.87317
3.01561
2.75867
2.86567
2.71011
2.9424
3.29284
3.27691
3.32736
2.68878
2.87967
2.86546
2.87596
2.88474
2.97836
2.77704
2.63976
2.78703
3.08448
2.9476
2.93029
2.93669
2.88776
2.80511
2.85768
2.61888
2.79105
2.5966
3.22221
3.27451
3.02876
2.89391
3.20329
2.8594
2.81926
3.36688
2.97065
2.73988
2.86099
2.86517
3.22063
3.10524
2.66106
2.64771
3.04421
2.65254
3.01267
3.13821
3.47001
2.77006
2.25353
3.25827
2.70505
2.98757
2.45076
2.67044
3.11721
3.07831
2.94712
3.00722
2.74619
3.17367
3.17436
2.88469
3.07812
2.55242
2.84114
3.16405
2.85907
2.74673
2.72923
3.13514
2.66801
2.62581
2.93277
3.20037
2.81937
3.24433
2.93819
3.02951
3.27571
3.39335
3.19623
2.77016
2.98572
2.8595
3.31841
3.01635
3.26648
3.4713
2.62013
3.26436
2.50579
3.02715
3.17255
2.84332
3.37397
3.07567
2.68415
2.69895
2.60826
2.73493
3.12551
3.15368
3.05023
3.07396
3.28147
2.80177
3.12941
3.00599
2.93911
2.82564
3.13039
3.24832
3.05372
2.82845
3.07052
2.90625
3.16386
2.94892
3.23423
2.79235
3.11866
2.80636
3.06064
2.97153
2.67746
3.32821
2.74682
3.12573
3.3946
3.02653
3.39762
3.19211
3.40258
3.04715
2.94137
3.03386
3.16402
2.81032
3.37726
3.08557
2.98406
2.8208
3.25652
3.12264
3.09835
3.15325
3.39669
3.21044
3.28081
3.15054
3.11632
3.04552
3.26499
2.83569
2.7948
3.06124
3.01872
2.72405
3.15644
3.38257
3.23162
2.97159
3.19735
3.36841
2.78434
3.65023
2.85391
3.17682
3.07024
3.0385
3.44257
3.30609
3.21468
2.90417
2.87331
3.05417
2.90669
3.28819
2.66861
3.51792
3.17173
2.98074
2.82382
3.35319
3.10341
2.63
2.74918
2.76892
2.78647
3.04601
2.52461
2.87864
3.08374
2.85784
2.76259
2.43141
2.82272
2.5722
2.98692
2.81294
2.94307
3.08807
3.09017
2.90304
2.9348
2.68669
2.99413
2.89413
2.7168
2.8441
3.32117
3.16549
3.18905
2.69142
2.66039
2.33632
2.87174
3.07207
2.86271
2.90665
3.14048
3.0607
2.96852
2.62134
2.36894
2.7866
3.01717
2.61831
2.73425
2.72677
2.98016
2.58409
2.74819
2.74805
2.46631
3.11868
2.48827
3.14679
2.80531
2.89691
2.8971
3.10227
3.22497
2.96495
2.74343
3.00033
2.4638
2.96586
2.74204
3.2191
2.84258
3.03605
2.65958
2.53841
2.73369
3.10988
3.00955
2.83133
2.65183
2.62233
2.60363
3.22174
2.67028
2.66658
2.83197
2.84039
3.27382
3.16735
2.76704
2.56635
2.73099
2.91744
2.35583
2.89401
2.87361
2.87232
2.96344
2.92523
3.13542
3.03853
3.5109
2.87746
2.80995
3.03606
2.75542
2.88466
2.73326
3.12799
3.10102
2.9006
2.61835
3.00604
2.99108
2.37337
3.12394
2.94535
2.61817
2.70232
2.99386
2.79744
2.60414
2.83028
2.83369
3.19347
2.84603
2.75972
2.9662
3.20313
2.48741
2.98867
2.9067
2.88908
3.40648
2.78488
2.96065
2.72542
2.66201
3.06086
2.8466
2.98604
3.30573
2.9988
2.97896
2.91482
2.8551
2.79405
3.14369
3.07786
3.40982
2.72223
2.74348
3.2173
3.06993
2.9987
2.90794
2.7158
2.92314
2.55887
3.06225
2.70822
2.79582
3.12687
2.74475
2.81647
3.19436
2.76179
2.23083
2.79792
2.49086
2.74408
2.72147
3.0379
2.66756
2.5651
2.74565
2.83625
2.8342
2.36505
2.93655
2.74374
2.89844
2.66458
2.9413
3.10167
2.44808
2.75104
2.89973
2.88863
2.65872
2.63357
2.79941
2.41612
2.72561
3.01858
3.09899
2.59188
2.89261
2.84199
2.48802
3.10881
2.78438
2.58484
3.06954
2.65743
2.56864
2.89559
2.77013
2.73907
2.77581
3.08982
2.75997
2.67146
2.65846
2.98699
3.27207
2.95674
3.3203
2.97519
2.96733
2.98725
2.78862
2.66252
3.10818
2.61386
2.93492
2.80888
2.61967
2.60346
2.51041
2.92932
2.65989
2.56162
2.60423
2.70399
2.9067
2.1981
2.58918
2.61279
2.76338
2.70287
2.89857
3.06185
2.61925
2.73347
3.08036
2.76214
2.69521
2.76088
2.87327
2.57496
2.81704
2.84526
2.52197
2.66363
3.11726
2.42201
2.47528
2.75175
2.47146
3.111
2.93096
2.63785
2.89233
2.81955
2.76193
3.05097
2.84733
2.6669
2.88297
2.73247
2.66997
2.81983
2.69982
2.76652
2.75523
2.85153
2.71153
2.67065
3.0913
2.62368
2.43822
2.68002
2.59004
2.63603
2.74476
2.5354
2.67582
2.47873
2.70568
3.28029
3.01096
2.6944
2.47721
2.81076
3.03746
3.00873
3.14817
2.99359
2.65698
2.80076
2.93762
2.34104
2.73597
3.03845
2.81348
2.81703
2.89153
2.65451
2.98305
2.93804
2.57407
2.89385
2.74014
2.37041
2.67316
3.14949
2.86557
2.88809
3.00041
2.88531
2.97334
2.93327
2.85829
2.67115
3.17618
3.23775
2.76066
2.79053
2.99755
2.80119
2.42127
2.54791
2.95226
3.2385
3.12943
3.00988
2.66519
2.83325
2.97083
3.35139
2.83255
2.87262
2.91211
2.62004
3.06381
2.60474
3.06041
2.86542
2.94554
2.96326
2.47921
2.39106
3.41769
3.1304
2.76483
3.02886
3.04174
3.02655
2.62207
2.96039
2.73604
2.72531
2.85517
2.9491
3.0606
2.89518
2.80255
2.60508
2.97688
2.88515
2.84955
3.27593
2.91744
3.1836
2.88853
2.80644
2.85761
2.95879
2.79341
2.78168
3.113
3.46112
3.00527
3.15384
2.94185
2.89711
2.67176
2.90021
2.64882
2.72524
2.75452
2.90192
2.90207
2.94496
2.86646
3.05393
2.7137
3.09342
2.69366
2.41329
2.73104
2.74253
2.56738
2.90444
2.68296
2.93673
2.99455
3.08104
3.19317
2.69462
2.63466
3.14295
3.34872
3.05933
2.67219
2.49745
2.79491
2.60133
2.86545
2.9295
3.10863
3.07069
2.88317
2.56271
2.91032
2.82327
2.68698
3.18554
2.91806
2.76292
2.67495
3.21176
2.88168
2.91082
2.58867
2.84117
3.36488
2.94369
3.34714
2.79514
2.46679
2.79429
2.67913
2.89551
2.8473
2.95717
2.80274
3.0923
2.6655
2.56865
2.39067
3.00491
2.80091
3.09297
2.60265
3.01361
3.02869
2.72826
2.68794
2.88027
3.1626
3.0501
2.96946
2.75093
2.94068
3.21269
2.86504
2.8603
2.55255
3.00362
2.86608
2.91383
2.84836
2.72084
2.86665
2.95422
2.85093
2.898
2.96269
3.12394
3.00797
2.86269
2.41898
3.03304
2.90653
2.89678
2.62175
3.20528
3.09631
3.06433
2.77416
2.99036
3.00523
2.88316
2.6949
2.89096
2.65867
3.05618
2.99541
2.94728
3.0054
2.83253
2.83059
2.88681
2.80183
3.30356
2.51304
2.8565
3.33108
3.13541
3.0281
2.65219
3.2611
2.5753
3.08491
3.07343
3.17891
2.77349
2.95634
3.36788
2.92556
2.85155
3.09351
2.94754
2.91605
3.27018
2.88191
2.91048
2.82955
3.11669
2.66033
3.08943
2.76405
2.80522
2.64721
2.40728
2.99693
2.70832
2.95169
2.58936
3.01198
3.13578
2.96753
2.68361
3.02822
2.60214
2.80866
2.81267
2.80979
3.16562
2.98308
3.09448
2.58684
2.52082
2.70234
3.33383
2.92397
2.49321
2.69483
2.53678
2.60178
2.62642
3.05469
2.81064
3.05972
3.0045
2.53656
2.59022
3.24492
2.60517
2.82274
2.73643
2.43024
2.7484
2.81869
2.79453
2.83379
2.55012
2.95875
2.89359
2.99373
3.07029
2.89747
2.89895
2.63212
3.11192
2.91445
2.59499
2.76969
3.3412
2.70281
2.88444
2.83075
3.08936
2.71055
3.17928
3.04131
3.18744
2.9564
2.74335
2.85443
2.47118
2.66135
2.67314
2.89468
3.09269
2.76624
2.82272
2.61574
2.80059
2.5654
3.31152
2.52301
2.82012
3.07302
3.03983
2.73972
2.69789
2.97484
2.91792
3.06876
2.61595
2.82554
3.00983
2.91375
3.13941
2.47932
2.5663
2.74841
2.95369
2.71597
2.65432
2.73927
2.62947
3.00061
2.83352
2.46991
2.7471
3.15921
2.74553
3.15897
3.24007
2.97904
3.07389
3.09986
3.23317
2.94046
2.91869
2.76719
2.97634
2.69011
3.29337
2.52086
3.01615
2.87933
2.76261
2.69582
3.19481
2.94445
2.86162
2.65215
2.89942
2.87773
2.70888
2.40226
2.75051
2.78226
2.80283
2.91432
3.17078
3.11011
3.1456
2.63999
2.57585
2.99119
2.63569
2.93034
2.74725
2.71167
2.55222
2.90359
2.40472
2.76012
3.11566
3.1817
2.64502
2.67261
3.36759
2.87209
2.47371
2.85313
2.71466
2.50758
2.88258
2.8637
2.86277
2.47076
2.61706
3.06267
2.16308
2.48515
2.76774
2.69739
3.17875
2.62791
2.83027
3.07268
2.8662
2.30198
3.12592
2.97277
2.94397
3.11149
3.21385
3.30569
3.03086
2.81046
3.1562
2.9838
2.98878
3.39714
2.95766
2.7041
3.05579
2.32618
2.82448
3.14824
2.98172
3.07821
2.82361
2.74301
3.03639
2.73742
2.86112
2.63303
2.81401
2.49634
2.90418
3.02658
2.50376
2.86787
3.13284
2.52821
2.89066
2.89465
3.18861
2.9364
2.9501
3.00674
3.12363
2.40286
2.68066
2.89206
3.09397
3.06271
2.84486
3.0039
3.1232
2.766
3.01938
2.8662
3.23777
3.46115
2.76
2.55967
3.19862
2.6695
3.16144
2.82878
2.77948
3.13317
3.0828
2.57122
2.73491
2.77942
3.14377
2.59992
2.70247
2.80769
2.87699
3.17242
2.76043
3.02168
2.96266
2.98256
2.77272
2.87504
3.24947
3.2122
2.92708
2.88622
2.93139
3.20442
3.01432
2.91122
2.79173
3.1542
2.72735
2.8538
2.80398
3.1971
3.00457
2.76367
2.46902
2.91646
2.8303
3.01665
2.81165
2.56039
3.14103
2.96215
2.54955
2.71096
2.77639
2.8961
2.81369
2.63439
2.79312
3.21096
2.61573
2.59765
2.63934
3.14619
2.60919
2.83094
2.63258
2.81551
2.62481
2.5876
2.89286
3.01729
2.89247
3.15429
2.97659
2.67292
2.72752
2.63349
2.71457
3.2141
2.67774
2.71155
2.77502
2.67219
2.88311
2.86985
2.4836
2.61758
2.7331
2.8804
2.9745
2.60694
2.83609
2.36385
2.78257
2.92311
3.33576
3.00676
2.83538
2.70974
2.88852
2.42278
2.54648
3.02329
3.01824
2.81739
2.58088
2.94528
3.05589
2.79012
2.83454
3.02347
2.64135
2.90373
3.04225
2.90756
3.0978
2.75815
2.63536
2.47041
2.74737
2.66145
2.54123
2.70767
2.82342
2.93988
2.92282
2.66453
2.84505
3.08606
2.64652
2.5013
3.19299
2.9872
2.59434
2.85096
2.63977
3.00956
2.56857
2.72281
2.98313
2.77924
2.35068
2.79703
3.02793
3.17762
2.85506
2.89325
2.86542
2.94206
3.00205
2.98988
2.82151
2.63757
3.13383
2.75644
2.98618
2.99276
2.64363
2.73601
2.73579
3.3041
2.81212
2.95917
2.88573
2.9638
2.95179
2.74331
2.88703
3.0688
3.30861
2.89439
2.92083
2.8237
3.29079
3.18258
2.82117
3.06128
3.2319
3.16796
2.70167
2.60562
2.8521
3.32333
2.83945
3.19239
2.7996
2.75936
2.9366
2.63196
2.70655
2.96643
2.94394
2.96211
2.78407
3.2114
2.91569
3.07652
2.72313
2.63171
2.78555
3.39273
2.68971
2.5089
2.85336
2.94175
2.62806
3.08611
2.77974
2.61815
3.14748
3.1478
2.46298
3.05596
3.25773
2.51034
2.63649
2.54688
2.28822
2.82597
2.90038
3.06863
2.33423
2.89006
3.27326
3.18961
2.88648
3.46608
3.07282
2.91829
2.69368
2.92487
2.80462
3.07693
2.2877
3.04364
2.76512
2.57332
2.59361
3.01455
2.83229
3.07684
2.45983
2.93593
2.5717
2.91565
2.76677
3.18022
2.61344
3.10256
2.55885
3.06919
2.85019
2.37938
3.48175
3.18477
2.57113
2.70005
2.62478
2.94194
2.85325
3.01407
2.92233
2.93262
3.01752
2.85536
2.7596
2.48088
2.7631
3.05798
2.5535
2.61221
2.63879
2.91396
2.94231
2.94233
2.97094
2.561
3.36092
2.74603
2.85008
2.81501
3.15933
3.16074
3.20354
3.09332
3.09458
3.14776
2.57252
3.29342
2.89523
2.81737
2.49883
2.92252
3.38623
2.6683
3.11767
3.13644
3.05517
3.11417
2.70989
2.59108
2.53976
3.03703
2.65588
2.80366
2.76446
2.80341
2.88986
2.90668
2.77931
2.78134
2.91632
3.17162
3.12497
2.3838
2.65117
2.97582
2.96149
3.26439
2.42788
2.94648
2.88254
3.12627
2.84496
3.01184
2.76056
2.67992
3.03274
2.95214
2.80818
2.97801
2.79409
2.92188
3.07353
2.80535
2.72626
2.87647
2.6606
2.76594
2.50233
3.01715
2.75259
2.66516
2.83975
2.91976
2.81154
3.09301
2.96735
3.31849
2.63994
2.66482
2.90157
3.03817
2.74498
2.98834
3.01681
2.84281
2.93529
2.72651
2.69794
3.14951
3.12901
2.78546
2.59971
2.68381
2.90153
2.92557
3.40075
2.98823
3.08055
3.25208
3.17273
2.89107
2.81826
2.55383
2.97774
2.58758
2.56293
2.97539
2.71679
2.45557
2.39967
2.66144
2.53619
2.85383
2.97117
2.58322
2.98007
2.89428
2.49809
2.21071
2.83219
2.87234
3.27122
2.84509
2.41999
2.37103
2.63613
2.8915
3.0318
2.56486
2.54307
2.64012
2.72886
2.97395
2.64886
2.85619
2.88064
2.90082
2.69247
2.7579
2.54944
2.36562
3.00141
2.52971
2.73413
2.69839
3.09136
3.10469
2.59283
2.6049
3.01648
2.70494
2.7909
2.86067
2.60829
2.46249
2.97974
2.52388
2.78298
2.93762
2.79764
2.96265
2.87742
2.89249
2.81638
2.85126
2.91752
2.80189
3.33966
2.6775
2.74685
2.87519
3.0728
3.15665
2.6373
3.00444
2.3688
2.39996
3.12951
3.1717
2.96359
2.62835
3.15954
2.78167
2.95029
2.48673
3.21117
2.75623
2.85844
2.4282
2.78291
2.75157
2.88247
2.81049
2.82201
3.12156
2.82301
3.08262
2.83714
2.57399
3.17517
2.76353
2.63643
3.26814
2.96921
2.87626
2.924
2.86207
2.70657
3.08542
3.17347
3.19472
3.2148
3.33166
2.99396
2.94074
2.9769
3.05924
2.70279
2.80285
3.32624
2.92573
3.04651
3.02355
2.93904
2.68489
2.73129
2.76104
3.11637
2.9428
2.67861
3.00116
3.19161
2.87704
2.47855
3.08183
2.95259
2.9204
3.19563
3.11681
2.84418
2.5142
3.02201
2.74299
2.76936
2.58467
2.65965
2.87461
3.41212
3.14318
2.42325
3.19836
2.73908
2.7506
2.87125
2.84259
2.73138
2.76522
2.78069
2.99929
3.29306
3.05704
2.42004
2.94574
2.83193
3.16808
2.5391
3.10932
3.0656
2.87803
3.19907
3.045
2.82329
2.72044
2.9343
2.89253
2.88635
2.95612
2.83341
2.70711
2.92483
2.58517
2.79698
2.99757
3.019
2.69263
2.79951
2.94101
3.11543
2.75402
3.02793
3.15501
2.97826
2.44577
3.295
3.00345
2.56417
2.92568
3.0037
3.14556
2.59833
3.20464
3.11739
2.67631
3.23489
2.93206
2.88583
3.13806
2.82579
3.04099
3.27327
2.71255
2.87981
2.83977
3.23074
2.75753
2.88604
2.9278
3.17633
2.81915
3.01634
2.83911
3.15608
3.1064
2.88392
2.79234
2.90411
3.06848
3.15718
2.69809
3.04532
2.95136
3.19754
3.05591
2.85358
2.76178
3.03132
3.05331
2.84174
3.21297
2.91241
3.03625
2.70594
3.03149
2.8016
2.81868
2.81573
2.4094
2.85446
3.01004
2.43252
2.8169
2.96202
3.01574
2.81987
2.77661
2.78874
2.66856
2.93627
2.66493
3.17238
2.58009
2.72409
2.61494
2.67537
2.93587
2.85474
2.68122
3.19283
3.01424
2.72894
2.80651
3.14235
2.55601
2.819
2.90887
3.00923
2.50264
2.71487
2.65903
3.29422
2.95296
2.87589
2.49037
2.75999
2.8965
2.49873
2.68948
3.15772
2.74979
2.48649
2.7393
2.50423
2.72339
2.45642
2.70888
3.01416
2.98748
2.80891
2.65091
2.67677
2.5841
2.97042
2.29127
2.59628
2.34787
2.55125
2.84342
2.66152
2.68893
2.52325
2.54121
2.67514
2.73268
2.94851
2.55483
2.5276
2.69361
2.83336
2.82739
2.35181
2.57831
2.30913
2.09638
2.6147
2.43322
2.74391
2.24079
2.57502
2.59887
2.90987
3.04606
2.47668
2.81463
2.9169
2.5509
2.36187
2.31821
2.72256
2.82299
2.84041
2.55858
2.47576
2.2735
2.70772
2.50638
2.69272
3.3888
2.62085
2.42725
2.65078
2.72858
2.862
2.75148
2.88308
2.63895
2.58161
2.60107
2.64335
3.13743
3.26514
3.02567
3.07164
3.26074
3.1837
3.19726
3.30144
3.10181
2.93544
3.39562
3.15493
2.63109
2.9185
3.06193
3.16569
3.14405
2.86342
3.35697
3.03036
3.16972
2.80662
3.02472
3.22339
2.77717
3.43667
2.75925
2.98081
3.13544
2.80823
3.27626
3.12873
2.34316
3.20096
3.07997
3.12804
3.35791
2.9043
3.01049
2.74604
3.12202
2.91889
3.10983
2.61277
3.16405
3.22231
3.11817
2.78647
2.79487
3.12511
2.98327
2.83223
3.35753
2.73732
3.16264
2.98661
2.63315
2.86305
2.70659
3.21353
2.85279
2.7049
2.81812
2.87207
2.77048
2.94223
3.05095
2.94704
2.68809
2.59724
3.04587
2.75324
2.8516
2.94313
2.93166
2.75745
2.77509
2.80121
2.45475
2.82696
2.96074
2.62125
2.37132
2.88675
2.53032
2.52937
2.85614
2.51819
2.58331
2.78435
3.18876
3.08446
3.21701
2.83438
2.8232
2.64259
3.0075
2.6775
2.88676
2.98586
3.06806
2.54209
2.87223
3.0428
3.09386
2.94291
3.39195
2.95649
2.60087
2.71159
2.81479
2.9721
3.0038
2.47132
2.58929
2.82282
2.71769
2.73922
2.93
2.80193
2.79831
2.89103
2.96786
2.99368
2.69053
2.21112
2.76354
2.73745
2.86562
2.79347
2.62919
2.88015
3.13153
2.799
2.92681
3.02114
2.53832
3.02911
2.69419
2.67912
2.51289
2.89913
2.56075
3.00761
3.30699
2.83799
2.56873
2.9111
2.9699
2.5121
2.70722
2.80972
2.74739
2.97037
2.94995
2.86848
2.99952
2.7868
2.62905
2.29104
3.02118
3.06203
2.79522
2.33945
2.43104
2.52312
3.06674
3.03377
2.83755
2.53898
2.66472
2.77121
2.80612
3.13088
2.6851
2.61384
2.53592
2.58018
2.84589
2.42191
2.722
2.76025
2.58391
2.50813
2.25076
2.80388
2.46627
2.66422
2.66844
3.05427
2.89331
3.07567
2.91782
2.99323
2.21104
2.62662
2.74296
2.44645
2.79664
3.05835
2.57495
3.02709
2.48417
2.72812
2.93506
2.95649
3.09827
2.90789
2.28971
2.84259
2.5673
2.77629
2.69883
3.09642
2.65252
3.21326
2.9483
3.00142
3.20961
3.09719
2.80864
2.93263
3.15415
2.6736
3.3579
3.00036
2.86444
2.93505
2.90903
2.71988
3.06011
2.68706
2.90649
2.99399
3.25998
2.88639
2.63902
3.01929
2.99582
2.81088
2.6944
2.93142
2.91863
3.23837
2.83225
3.0742
2.81659
2.59836
3.25658
2.9716
2.6253
3.02623
3.22701
3.44022
2.80871
2.85844
3.10482
2.53502
3.16097
3.08635
2.52998
2.71362
3.26954
2.90932
3.02722
3.15153
2.95096
3.106
2.72488
3.06014
3.19838
3.04635
3.23426
2.77441
3.05216
2.75102
2.73069
2.94662
3.40905
3.47183
2.96745
2.79345
2.74131
3.44208
3.10783
2.99632
3.09758
3.10363
3.17858
2.86062
2.96769
3.13888
3.14189
3.00668
3.13796
3.18373
3.02532
2.88314
2.89158
3.23269
3.02607
3.20817
2.77206
3.11852
3.11884
2.87428
2.71642
3.06944
2.96068
2.7844
3.01529
3.0485
2.93165
3.12901
3.01135
2.93509
3.17746
2.99236
3.14934
2.61121
2.62625
3.10957
2.96775
2.67022
2.92182
2.97986
3.25977
2.55171
2.77723
2.92661
2.38142
2.78987
3.28687
2.42082
3.18839
2.72311
2.98751
3.19322
2.76061
2.72821
3.18653
3.08173
2.6981
3.0914
2.88538
3.02794
3.00455
2.71813
2.84068
2.65427
3.08916
3.11885
3.00782
2.93053
2.95501
2.76725
2.79207
2.6189
2.90718
3.44549
2.89454
2.97001
2.95359
2.87447
2.80676
2.79193
2.98486
2.97676
3.04084
2.60174
2.93999
2.97367
2.86136
2.52838
2.76487
2.50646
2.75672
3.32636
2.68543
2.81172
2.88532
2.81656
2.91528
2.84288
2.8051
3.21817
2.44901
3.09202
2.72723
2.77888
2.75268
2.57992
2.85961
2.95524
3.13414
3.33023
3.02237
2.85312
2.99716
2.98296
3.06782
2.92418
3.05206
2.77847
2.91769
2.74691
2.86054
2.85197
3.12806
2.95569
3.07382
2.92972
3.21177
2.74909
2.96836
2.96824
2.79746
2.78542
3.24342
2.52309
2.97306
3.18245
3.47326
2.76427
2.50667
3.16548
2.78216
2.75053
2.57104
2.78851
2.87175
2.68997
2.77999
2.41733
2.50251
2.77142
2.80137
2.45056
3.15866
2.8328
3.25513
3.14687
2.66876
3.11946
2.93672
2.71335
3.153
2.86877
3.09914
2.77063
2.66218
2.68682
2.92521
2.59699
3.09018
2.83926
3.2486
2.52164
2.92466
2.82659
2.75204
2.86513
3.05769
2.87764
2.81871
2.90001
3.18049
3.03736
2.8328
2.98062
3.08781
2.78557
2.93378
2.7909
2.66524
2.63566
2.88336
2.76551
2.98691
2.45272
2.83749
2.78495
2.96721
2.24379
2.93047
2.78761
2.73886
2.71722
2.82231
3.18582
3.00533
2.57225
3.01862
2.82359
2.83648
2.98541
3.04036
2.57334
2.65843
2.85905
3.03293
2.87482
3.01545
2.98576
2.8862
2.64887
2.55868
2.84149
2.57427
2.60142
3.06215
2.58456
2.93172
2.8556
2.66034
3.05403
2.93372
2.57736
2.81648
3.01828
2.26957
3.24927
2.78791
2.44669
2.96434
3.19052
3.15416
2.67495
3.11352
2.68033
2.97995
2.60039
2.55359
2.8152
3.04163
2.97829
2.76516
2.48294
3.21668
2.75906
2.79743
3.03563
3.12706
3.22289
2.87065
3.03976
2.48682
2.98021
2.76707
3.17806
2.55023
2.66183
2.89644
3.14066
3.02652
3.165
2.94226
3.07803
2.86435
2.88261
2.69629
2.9398
3.24566
3.37396
3.38712
3.15168
3.13127
3.00039
3.22598
2.93479
2.87238
3.57313
3.00555
3.06973
2.66639
2.87305
3.28301
3.18886
2.88169
2.76765
3.05635
3.21331
2.77932
2.86926
3.24708
3.10073
2.94662
2.88973
3.22202
3.1649
2.77613
3.24887
3.28268
3.24265
3.34805
3.17696
3.03984
2.92116
3.36534
3.23824
3.11423
3.40752
3.00262
2.934
2.89455
2.60222
2.60996
3.14723
3.10515
2.88079
2.71216
2.59694
2.57675
3.22898
3.11469
2.6681
2.66025
2.9085
2.68577
2.76194
2.94478
2.77098
3.08759
3.23662
2.89675
2.95742
3.2232
2.83595
3.59458
2.84081
3.06645
2.60042
3.31377
3.13689
3.12781
2.87105
3.36087
2.61553
2.85435
2.95633
3.01755
2.47369
3.02777
2.62664
2.93226
2.99761
2.98458
3.04434
3.13696
2.61948
2.72537
2.48705
2.35972
2.61471
2.93949
2.73538
2.73263
2.63706
2.57719
2.47455
2.97393
2.5502
2.59107
2.77131
2.75811
3.16656
3.11429
3.09447
3.06603
2.7161
2.99166
2.70438
2.66724
3.11487
2.68934
2.98592
2.63736
2.94365
2.76176
2.8146
2.88381
2.90956
2.78508
2.74212
2.5404
2.81729
2.73139
2.92946
2.77198
2.90196
2.86517
2.79726
2.84399
3.12552
2.52818
2.89499
2.55259
2.60832
3.06334
2.9198
2.48348
2.91383
3.19612
2.59504
3.66768
2.68279
2.82918
3.1567
3.06064
3.23441
2.7535
2.33419
3.15367
3.07163
3.02987
3.47654
3.14108
2.8365
2.96007
2.41567
2.92674
3.03034
2.88399
3.33548
3.04012
2.89527
3.2146
2.63283
3.0436
2.68565
3.29417
3.22907
2.9463
3.02437
2.76298
2.75603
2.96659
3.06609
3.01625
3.37437
2.83696
2.81327
2.91502
2.70484
2.64693
2.71716
3.02577
2.77482
2.97829
3.20593
3.15811
3.30517
2.63339
2.51562
2.62708
3.11243
3.13223
3.13375
2.93613
2.85604
3.1637
3.26668
2.80566
2.72308
3.29028
2.95226
2.76539
2.79392
2.81
3.24835
3.11535
3.32326
3.00936
3.12858
3.25004
2.83909
2.90891
2.76184
2.53976
3.24551
2.89916
2.93034
3.04463
2.87215
2.4296
3.06822
2.66469
2.48185
2.91801
3.17233
3.25123
2.78541
2.50398
3.03944
2.98995
2.8982
3.15628
2.71678
3.15398
2.9956
2.72918
2.64875
2.67451
2.64185
2.92817
2.5834
2.67116
2.83245
2.92595
2.88781
2.86418
2.86348
2.65533
3.01731
2.50034
2.79269
2.63909
3.07899
3.20801
2.77707
2.6114
2.78153
2.94608
2.82278
3.0878
2.76324
2.6216
3.26179
2.83375
2.66538
3.00536
2.84377
2.5231
2.95504
3.24947
2.73021
2.69799
2.8534
3.10051
2.80794
3.11274
3.14973
3.10725
2.92777
2.83809
3.08414
3.0852
2.98072
2.66504
2.60474
2.9671
2.96114
2.76733
2.80956
2.76843
2.89278
3.06482
2.84118
2.48104
2.75593
2.63073
2.30375
2.93271
2.51194
2.84225
3.23916
2.85694
3.04176
2.86897
2.66482
2.55997
3.15501
2.78919
2.8887
2.74084
2.98731
2.96464
2.58885
2.64954
3.23705
2.25898
2.71475
2.83164
2.70191
2.93051
2.94805
3.06499
2.66988
3.12964
2.87247
2.80826
3.07967
2.78326
3.1756
2.87069
2.38022
2.86044
2.86758
2.71402
3.04363
2.69329
2.5569
2.93471
3.17158
2.99315
2.54893
2.98676
2.80799
3.14184
2.83837
3.27301
3.1719
3.13369
2.72319
2.72546
2.56829
2.98841
2.64796
3.43761
2.86476
2.39601
2.87999
2.56289
2.57957
2.83592
3.04515
2.8344
3.04586
3.10111
2.98206
2.81184
3.05154
2.24855
3.4209
2.86806
2.76099
3.07133
3.20899
3.06592
2.97984
2.78431
3.52094
2.75731
2.91654
3.04586
2.80522
2.9958
3.13728
2.76798
2.68253
2.99762
3.07641
3.29251
3.22586
3.37235
2.92715
3.06407
2.97032
3.1066
3.13157
3.03376
3.2347
3.18507
2.68349
3.03166
3.11567
2.91408
2.91539
3.07468
2.48531
2.9179
3.17093
2.83675
3.51875
2.71369
2.9926
2.93072
2.81113
2.73594
3.02717
3.40053
2.86549
3.02854
2.9447
2.83631
2.87902
2.93401
2.65167
3.15807
3.45768
3.04931
2.87766
2.92121
3.05361
2.77249
3.16832
3.04557
2.82919
3.01109
2.71543
3.02184
2.74612
2.91878
2.81309
2.7274
2.63458
2.67673
3.03987
2.87976
2.66727
2.77182
2.99017
2.55761
3.12984
2.77777
3.33274
2.91353
2.82312
2.74254
2.75431
2.80743
2.7604
2.72513
3.02303
3.09494
2.75051
2.79467
2.462
2.68401
2.48848
2.86109
2.77755
2.9643
3.02186
2.94545
3.21503
2.89855
2.69148
2.39367
2.92624
2.85772
2.99667
2.59653
3.40009
2.61742
2.85616
2.81309
2.50518
2.87551
2.86362
2.66809
2.75561
2.88216
2.71143
2.77875
2.91509
3.11478
2.69459
2.90821
2.83799
2.98132
2.44888
2.68432
2.99858
3.16471
3.0429
3.05612
2.89386
2.78591
3.10011
2.97174
2.98461
3.08473
3.16785
3.01645
3.14781
2.8557
2.50197
2.90759
2.88813
3.4365
3.02345
3.01011
2.91695
3.09185
3.14275
3.16141
2.61467
3.26792
3.13315
2.85578
2.99157
2.83577
3.45236
2.90612
3.39095
2.55297
2.76638
3.24532
3.16285
2.73409
2.90899
2.8735
2.91744
2.71625
3.00114
2.90042
2.29041
2.94939
2.82491
2.62435
2.87347
2.68562
2.87275
2.69462
2.50115
2.88266
3.03498
2.59535
2.87628
2.55176
2.5592
2.62699
2.66299
2.76155
2.68393
2.87904
2.56453
2.68452
2.76356
2.41892
3.19163
2.90577
3.1083
2.76126
2.72859
3.16166
3.30528
2.80239
3.07463
3.01499
2.70398
2.89991
3.01296
3.05907
3.23552
3.1595
3.24848
3.05746
2.97296
2.74485
2.60719
2.71112
3.42623
3.18777
3.20171
2.9561
2.87061
2.94489
2.8235
2.81664
2.47605
2.66264
2.86187
2.80955
3.11057
2.64321
2.83319
2.93498
2.90303
3.36755
3.37474
2.91197
2.86345
2.794
2.99561
2.62572
2.63101
3.18311
3.12312
2.60777
3.06209
3.18623
2.93157
2.7215
3.1346
3.01574
2.82665
3.00542
2.90903
2.62572
2.78073
2.62132
2.46407
2.78803
2.74689
3.01765
3.32228
3.09347
3.06952
3.20007
2.53583
3.13983
2.66588
2.46302
2.56919
2.92644
2.82589
2.8991
3.02968
3.092
2.69921
3.09699
2.76079
2.90952
2.80463
2.41258
2.65771
3.16474
2.87229
3.14652
2.64606
2.68258
3.11986
2.75362
3.28401
3.00428
2.87156
2.92169
3.05584
2.99093
2.97871
2.85208
2.97563
3.01143
2.85241
2.7702
2.87578
2.86897
3.18267
3.11455
2.66159
2.92682
3.33813
2.80458
3.03433
2.98283
2.80939
2.94836
2.70986
3.28204
2.69129
2.65081
2.8152
2.5708
2.79371
3.04755
3.09781
3.15849
3.29985
2.73446
2.82627
3.00872
3.38937
3.12945
2.80807
2.96061
3.19185
2.31291
2.72162
2.88525
3.35345
2.86597
2.65262
3.53478
3.19971
2.83344
3.07798
3.03242
3.25263
3.2387
3.32074
2.97321
2.93661
3.34319
3.16865
3.11513
3.22751
3.17826
3.02507
3.00472
3.20784
2.97276
2.88688
2.71883
3.06467
2.85724
3.11794
3.29826
3.41768
3.54562
2.95623
3.00117
3.02119
3.0639
2.62572
3.19452
2.67392
3.23004
2.75857
2.69767
2.99993
2.98502
2.89189
3.14104
2.70931
3.18592
2.90843
3.01382
2.80633
2.89949
2.60121
2.61224
3.04061
2.8363
2.72351
2.59303
2.66852
2.81312
2.87667
2.52235
3.08742
2.6642
2.62556
2.94606
2.61944
3.035
2.75038
3.10941
2.87407
2.91398
2.80903
2.60975
2.90286
2.91759
2.6266
2.71559
3.12485
2.87424
2.90383
2.93934
2.79081
2.86085
3.21285
2.98047
2.74026
2.76894
2.94246
2.93621
2.84223
3.29954
2.56957
2.91021
2.91265
3.01732
2.895
3.33068
3.43403
3.00389
2.60434
2.96215
2.81644
2.71122
3.17021
3.50643
2.74837
3.00159
3.30389
3.23108
3.32528
3.01185
3.11896
3.3033
3.03278
2.92738
3.10805
3.30155
2.85615
3.01858
2.69968
2.82343
2.91085
3.37135
2.92401
3.05862
2.83968
2.76276
2.67386
2.60756
2.53981
2.96467
3.33733
2.60518
2.97154
3.34342
3.15967
2.86776
3.26095
3.65185
3.18
3.11263
3.50848
3.34354
3.27015
2.94812
2.70388
2.66554
3.44314
2.95334
3.35854
3.42125
3.21284
3.39527
2.77804
3.039
3.06742
2.81926
3.03678
3.05617
3.15466
2.87026
2.84164
2.50616
3.0842
2.526
2.72584
2.46845
2.86148
2.56355
2.68459
2.6129
3.05851
2.86009
2.83041
2.69744
2.94398
3.18824
2.99033
3.50924
2.65995
2.63213
3.04867
2.35125
3.02761
2.8362
3.02988
3.00921
2.66089
3.48119
2.87544
2.79332
2.63578
2.81507
2.72083
3.4397
2.79549
2.94746
3.09988
2.6458
3.0802
3.0253
3.0432
3.03878
2.46672
3.21304
2.89464
2.43698
3.21987
2.90715
3.09141
3.00427
2.32952
3.09161
2.58758
2.93597
2.59463
3.33705
3.08407
2.71133
2.82279
2.72682
2.78894
2.51601
3.30266
2.80894
2.73867
2.88273
2.87713
2.79057
3.05806
2.72344
3.29743
3.18877
2.95983
2.80268
2.97172
3.61913
3.34132
3.26315
3.03137
3.13984
2.70151
3.18595
2.91125
3.03716
3.37096
2.62028
3.0493
3.15354
3.01141
2.77664
2.97546
2.86895
3.1287
2.95276
2.98366
2.9314
2.79182
3.07037
2.65712
2.9705
2.9659
2.64974
3.23651
2.89678
3.19663
3.35796
3.11319
3.03414
3.15732
3.39164
2.80469
2.81483
2.84755
2.83464
3.18935
2.60888
2.9424
2.40924
3.16014
2.91531
2.4546
2.78505
2.9697
2.93301
3.05293
2.3818
2.9455
2.98711
2.8448
2.83024
2.52358
3.33971
2.59763
2.67715
3.03713
3.27078
2.86256
2.57224
2.79036
3.08261
2.86035
2.86023
3.35461
2.81646
2.97216
2.79293
2.88064
3.08047
2.90072
3.18588
3.21841
2.8547
2.9567
2.70818
2.54022
2.86564
2.87515
3.28852
2.75017
2.88708
3.19482
2.86602
3.08723
2.99442
2.94897
0.0000