3.938381
4.12833
4.09234
4.29873
3.9196
4.37779
3.76192
4.00605
4.17198
4.02479
3.93827
3.79593
4.22183
3.96818
3.97667
4.41086
3.92545
4.04049
3.96734
4.28841
4.11091
4.2478
4.24903
4.44826
4.0474
4.02782
3.79437
4.41827
4.4802
4.09174
3.93243
4.11378
4.30343
4.26272
3.84886
3.9359
3.91032
3.91206
4.33648
4.01121
3.81685
3.9031
3.97677
3.81489
4.34641
4.34979
4.10845
4.02524
4.28984
4.10624
4.36645
3.75769
3.78716
4.3587
4.17028
4.06553
4.28398
4.21659
4.16032
4.16963
4.48898
4.25456
4.20528
4.11751
3.96116
3.81809
4.05543
4.27354
4.43016
4.20603
4.08595
4.0245
4.39101
4.08291
4.35592
4.6777
4.37966
4.1868
4.50547
4.23427
4.30655
3.56304
4.33204
4.25733
4.43314
4.37766
4.21425
4.01927
4.2837
4.00455
3.89019
4.1089
4.2889
4.44483
4.23666
3.75777
4.15475
3.93798
4.51589
4.48314
4.13636
4.60492
4.10618
4.24863
4.53617
4.10811
4.07159
4.2383
3.84265
4.23959
4.18786
3.69136
4.38864
4.14753
4.19591
4.26264
4.43762
4.3772
4.0618
4.43951
4.56713
4.16809
4.16765
3.94587
4.36246
4.32419
4.2935
3.98986
4.26207
4.12867
4.50178
4.41675
3.91895
4.01712
4.01266
4.07106
4.4239
4.04674
3.83021
4.25635
4.10282
4.08695
4.36022
4.01405
4.35355
4.28229
3.8535
3.79442
4.15032
4.14851
4.4887
4.18577
4.29037
4.0137
4.28724
3.96177
4.14318
4.03878
4.24693
4.2095
4.17897
4.22439
4.27374
3.72942
3.82032
4.15434
3.96522
3.91356
4.14637
4.14844
4.60424
4.17469
4.2286
4.45516
4.30641
4.40481
4.16243
4.10694
4.08406
3.77546
4.08798
4.23226
4.21225
4.21779
4.08685
4.19607
4.48277
3.99193
4.17389
4.10102
4.00252
4.38893
3.75159
4.09872
3.98496
4.47549
4.72503
4.30354
4.20903
3.90613
3.95437
3.75419
3.94942
3.9809
4.12813
3.86435
3.51687
3.66764
4.04717
4.11513
4.02239
4.09161
4.30497
3.92111
4.3775
4.28668
4.12376
4.24869
4.16692
3.8176
4.15787
4.05313
4.11519
3.96444
4.15345
4.01393
3.96625
4.02019
3.89358
3.80033
3.98919
4.02466
4.15248
3.75013
4.08108
3.87265
4.11655
3.97849
4.16892
4.10657
4.19655
4.26932
4.33087
4.61458
3.97619
4.19228
4.15292
3.51406
4.31413
3.84099
4.02832
3.79736
4.35687
4.25299
3.92326
4.15434
4.14999
4.3055
4.13982
3.83042
4.27283
4.43479
3.89282
3.9398
3.90175
3.97748
3.69216
4.78882
3.83705
4.35583
4.43644
4.49209
4.23242
4.36626
3.68095
4.28785
4.1494
4.3278
4.29064
4.18728
3.85037
4.00242
4.11065
4.15502
3.81922
3.98978
4.1983
4.38768
4.42004
4.19426
4.2442
4.26609
3.76056
4.0301
4.35595
4.34706
4.35648
4.00976
4.33464
3.98619
3.81275
3.74789
3.84654
4.31315
4.19593
3.71373
4.20397
4.23389
4.21567
3.71587
4.01846
4.38375
4.05097
4.05567
4.15019
4.39543
4.11506
4.029
4.41453
4.23668
4.09044
4.00457
4.21006
4.40898
4.01244
4.11512
4.46179
4.30985
3.88271
4.28249
4.1015
4.5121
3.93586
4.41443
4.36849
4.21728
3.80786
4.03814
4.02371
4.11036
3.76642
4.0498
4.11487
3.81389
3.91802
3.99795
4.30998
4.17423
4.30831
4.24679
3.87886
3.96272
3.73892
4.07186
4.73445
4.29197
3.58184
4.15026
4.23594
3.76528
4.50687
4.00069
3.9378
4.19979
4.66632
4.2014
4.5337
4.48327
4.40431
4.40286
4.37856
4.02677
4.29072
4.19697
4.25158
4.31721
4.01932
4.25153
3.9578
4.06894
3.67656
3.62387
4.29182
4.21515
4.53826
4.2181
4.07097
4.10994
4.02869
3.92797
3.89769
3.79636
3.90807
4.13648
4.06121
3.91185
4.06205
4.19022
3.55172
4.21857
4.10813
4.0254
4.16758
4.43663
3.91482
4.38658
4.43528
4.06865
4.24071
4.39999
3.75619
4.08588
3.85817
4.43888
4.30348
4.34248
4.22901
4.14177
4.32393
3.83787
4.01977
4.13227
4.11005
4.11711
4.18685
4.54087
4.01744
3.97603
4.18164
4.15708
4.24543
4.30696
4.09909
4.0382
4.28495
4.15682
4.00818
3.95227
3.89497
3.87355
3.96091
3.82568
4.05933
4.21836
4.30473
3.89598
4.4026
4.41958
4.62078
3.84457
4.33286
4.23518
3.89967
3.9144
3.95817
4.21633
3.79137
3.98322
4.14209
4.17804
4.05895
4.5058
4.48551
4.15749
4.3863
4.07453
4.05923
4.65768
3.91475
4.35995
4.20001
3.79341
4.1611
4.42393
4.38716
3.85886
3.92783
3.99351
3.91357
4.21975
4.00647
4.22774
4.27894
3.7553
3.98909
4.3283
3.6199
3.83115
4.37983
3.71791
4.21008
3.63953
3.90664
3.81005
4.07281
3.94322
3.81554
3.94
4.01151
3.91653
4.47171
3.85232
3.99738
3.91258
3.93929
3.75392
3.69791
3.86873
4.2428
4.16185
4.04598
3.62635
4.04377
3.70319
3.89511
4.1629
3.93874
4.10215
4.23501
3.87465
3.87821
4.0666
3.97706
3.9706
4.13186
4.07292
3.99133
3.51956
4.08272
4.06711
4.06732
3.80143
4.00676
3.90413
3.7547
3.83833
3.5934
4.11979
3.98657
3.89052
4.02775
4.34389
3.8225
3.95165
3.93771
3.88925
4.00811
3.99021
4.19293
4.12289
3.69768
3.87725
4.14803
3.8298
3.99941
4.11141
4.34884
3.913
4.16368
3.75597
3.92288
3.53872
3.58115
3.67224
4.07717
4.08383
3.89166
4.113
4.12515
3.75022
3.93825
3.92251
3.9593
3.84124
3.70683
3.86221
3.68168
4.04757
3.76891
4.22808
3.90263
4.54998
4.17838
4.51403
4.05485
3.91258
4.22927
4.6792
4.24346
3.90673
4.34327
3.69819
4.08297
3.85062
4.23191
4.01688
4.25332
3.82137
4.35267
4.01949
4.54466
3.89916
4.73706
4.00422
4.13704
4.49599
3.99179
3.63877
3.63273
4.26209
3.74452
4.06758
4.20452
3.8812
4.39269
3.93597
4.35254
4.24186
4.25688
4.31923
4.68391
3.90094
4.19091
4.19528
4.20442
3.83388
4.37364
4.0647
4.26042
4.11
3.8953
4.40782
4.07019
4.28369
4.15371
4.33807
4.0699
3.92046
3.98497
3.96666
4.29255
4.14095
4.01455
3.92466
4.19838
4.4
3.82618
4.14612
4.25674
4.73102
4.07756
4.30021
3.94872
4.15229
4.5483
4.33987
4.21078
4.40104
4.35345
4.20148
4.19718
5.01886
4.55005
4.11781
4.14153
4.43993
4.05602
4.52555
4.52255
4.25838
3.81513
4.41139
4.21926
3.88687
3.31639
3.91529
3.70568
3.76564
3.75902
3.67725
3.70294
3.93777
4.17437
3.67746
4.14184
4.45692
4.09252
3.85449
3.92569
3.7513
4.3035
3.80177
3.8369
4.12812
4.17975
3.88835
3.71107
4.51499
3.92571
3.61663
4.34222
4.33272
3.81344
3.75421
4.21172
3.98219
3.83279
4.2049
3.73444
4.09162
4.01555
3.80576
3.92181
4.16216
3.78135
4.19944
3.86304
3.30968
4.31571
3.68328
3.92738
3.80208
3.86034
4.51182
3.83023
3.97545
4.29751
4.2674
3.84462
3.71257
4.18374
3.97113
3.80517
3.90967
4.11765
4.0276
3.54846
4.36746
4.21073
4.24926
4.54652
4.26292
4.26431
4.56186
3.95247
3.9089
4.10243
3.9263
3.93639
4.15921
4.16229
4.1526
3.67692
4.42181
3.91041
3.93471
3.89201
4.0263
4.13203
3.5858
3.94197
4.04969
3.89082
3.96217
4.09369
4.09361
4.09261
4.055
4.46776
4.11891
4.22139
4.11957
3.94909
4.48075
4.10632
4.52652
4.21447
4.01029
4.17385
4.13154
4.35606
4.37328
4.22464
4.38112
4.04831
4.47798
4.11738
3.80065
4.44481
3.96555
4.06858
3.99395
4.27874
4.15385
4.15279
4.41343
4.11707
4.49019
4.42671
4.30522
4.32069
4.15367
4.25896
3.96983
4.31209
4.27939
4.44306
4.00118
3.90116
4.1817
3.87773
4.3289
3.91952
4.31267
4.39158
4.05319
4.3256
3.93885
3.94058
4.25604
4.07553
4.32111
4.38063
4.53186
4.04097
3.71307
4.04935
4.00672
4.40189
4.10973
4.01006
4.73921
4.41432
3.97851
4.27693
3.84063
3.97364
3.88043
3.82865
4.46952
4.12737
4.23213
4.16083
3.86827
4.30799
4.0719
4.00693
4.35594
4.27189
4.51818
4.20811
4.17094
4.18227
4.00423
4.33675
3.80412
3.82792
4.15669
4.13582
3.83154
3.81395
4.17927
4.52936
4.5291
4.48736
4.38306
4.57962
4.21014
4.35706
4.20062
4.03529
4.37148
4.4508
4.47282
4.33565
3.95844
3.94265
4.21303
4.25094
4.31773
4.2223
4.50577
4.13779
3.91835
4.3186
4.18963
4.09998
4.02602
4.39548
4.24866
3.87763
4.17964
3.97184
4.13559
4.36234
3.99707
4.30534
3.92843
4.12716
4.00534
4.17272
4.20563
4.02549
4.47962
3.62737
3.9055
4.05889
4.15504
4.43676
4.24598
3.94044
4.33382
3.89406
3.9709
4.08375
4.56377
3.39348
3.80585
4.09915
4.51327
4.26013
4.31375
4.65714
4.18749
4.58414
4.59074
4.25125
4.22585
3.81073
4.04979
4.53239
3.88677
4.29019
4.04237
4.21383
3.94808
4.24253
4.30722
4.20275
4.31315
3.75047
3.97769
4.26526
4.12851
4.09959
3.7166
3.97223
3.45982
4.01566
3.78775
3.67626
4.16063
4.17786
3.65343
4.19925
4.25023
4.01057
4.12734
3.93834
3.85349
3.44704
3.8673
4.1035
3.99193
3.93868
3.73952
4.1339
4.06343
4.01285
4.0933
4.28267
4.15727
3.60995
3.74054
4.07188
3.69903
3.70473
3.94462
3.83949
3.98402
3.71082
3.87943
3.49175
3.75368
3.60346
4.18879
3.80448
3.7449
3.85209
3.75195
3.77881
4.14379
3.89011
3.96158
3.7488
3.97535
4.13899
3.90917
3.90092
4.20448
3.86575
3.68036
3.73906
3.81046
4.13106
3.6523
3.69313
3.77838
4.20992
4.1072
4.26529
3.92309
4.18525
4.36405
3.65309
3.79769
4.11698
3.44072
3.64401
3.76488
3.66993
3.97114
4.06875
3.89152
3.67158
3.63808
3.95145
3.96651
4.2258
3.78197
3.64498
3.68861
3.70143
3.75812
3.78129
3.63882
3.87244
4.11589
3.97673
4.081
4.21438
3.97858
4.3212
4.11754
4.21289
4.26166
3.98517
3.90113
3.76869
4.08694
4.11646
4.06432
3.76491
3.81165
3.98564
3.91813
3.97969
3.97588
4.40353
4.07178
3.82356
3.85913
4.00735
3.91315
3.77473
4.35654
4.2222
4.29339
3.549
3.88241
3.74058
4.37247
3.6159
3.99142
3.69842
3.60534
3.9369
3.89272
4.03225
3.99457
3.88915
3.88163
3.97147
3.85313
3.60236
4.04791
4.02469
4.05384
3.77689
3.82735
3.76722
3.67428
3.75565
3.81544
3.73196
3.79163
3.67622
3.88965
4.28595
3.99469
3.97576
4.24583
3.81124
3.81389
4.41424
3.93914
4.05865
3.68067
3.63085
3.96609
4.17205
3.45896
3.43694
3.81434
3.66267
3.69087
4.27049
3.56389
4.01935
3.92932
3.68319
4.30972
4.05701
3.84656
4.13898
4.12438
4.06095
4.04187
3.93523
4.03393
4.01796
4.11817
3.8031
3.83179
3.89677
3.90877
3.92986
3.91201
3.76717
3.82997
3.60382
3.64717
3.87071
4.00781
3.8829
4.08695
3.92442
3.88909
3.92413
3.97179
3.75446
3.89469
4.05455
4.1834
4.14412
4.03115
4.22557
3.84956
4.2631
3.61147
3.93768
3.68658
3.46343
3.98606
3.85457
3.90081
3.4644
3.78297
4.06387
4.13837
3.72727
3.98819
4.28563
4.01476
3.81421
3.88257
3.86899
3.84875
3.88481
4.38875
3.9496
3.4931
4.06138
3.91654
3.72556
4.13794
4.16366
4.00406
4.24231
3.57872
3.96025
4.24369
4.08353
4.13894
4.26143
3.90205
3.62402
3.79903
4.22235
3.73581
3.73153
3.71968
3.84396
3.88826
4.10783
4.21497
4.05283
3.93539
3.74388
3.8683
3.9885
3.52984
3.99465
3.7966
4.04591
4.22183
3.99359
3.62831
3.77553
3.90648
3.53613
3.53633
4.088
4.05958
4.18529
3.52823
3.56583
3.99678
3.96552
3.80924
4.10537
3.75769
3.98775
3.65068
3.83789
3.84901
3.66511
3.94179
4.18498
3.90477
4.12028
3.62607
4.21139
4.07462
4.29221
3.78768
4.20736
3.76262
3.68575
3.98636
3.73383
3.88408
4.22704
3.92233
4.10705
3.73621
4.14007
4.33192
4.2562
4.01875
3.68978
3.81014
3.68775
3.50423
3.92861
3.85223
3.8876
3.68698
4.17776
3.61155
4.04681
4.18287
4.03113
4.11048
3.75067
3.64979
3.92328
4.23876
3.54632
3.59736
3.74622
3.91135
4.03241
4.23425
3.80143
3.7386
3.7072
3.676
3.94535
4.08939
3.61749
3.41107
3.91081
3.48414
4.15269
4.10848
4.03204
3.87151
3.96118
3.92432
3.98738
4.12478
3.80029
3.80428
4.17332
4.02584
4.4407
4.10611
3.86043
4.41624
3.4871
3.71037
4.04248
4.59581
3.90343
4.01435
4.21417
4.11678
3.83728
4.0631
4.21132
3.52242
3.60421
4.19789
4.44759
4.27555
3.97315
4.18949
3.87918
4.48776
4.19262
4.41197
3.89279
3.77439
4.06836
3.89128
3.6563
4.11548
3.86261
4.29138
4.20503
4.42117
4.31222
4.15072
4.11954
4.21383
3.92662
4.13622
4.10669
3.89926
4.09773
3.64012
3.99184
4.46334
4.30063
4.04102
4.59085
4.4216
4.42524
3.67352
3.89667
3.95993
3.96557
4.0566
4.18501
4.12165
4.37536
3.87631
3.82178
3.99006
3.70141
4.2156
4.04006
4.28427
4.23009
3.86418
4.04434
4.4716
3.97164
4.14181
3.9939
4.26226
4.44262
4.12056
4.0951
4.79061
4.19179
4.05343
3.723
4.19705
3.80132
4.34811
4.45764
3.93155
3.89317
3.71039
4.16913
4.48532
4.06995
3.98069
4.25255
4.23873
3.58555
4.09035
4.29204
3.91928
4.30949
4.11424
4.22654
4.4493
4.20645
3.90852
4.01272
4.23436
3.98479
4.6389
3.9413
3.72522
3.90731
4.18681
4.25383
4.37655
4.36963
4.19072
3.77864
4.22691
4.31369
4.62812
4.33498
3.92013
4.15251
3.91609
4.27007
4.16573
4.11641
3.84127
3.99357
4.17407
4.68716
4.26429
4.79326
4.25331
3.8906
4.45077
4.21972
3.88658
4.06345
4.02854
4.15869
4.31964
4.32771
4.23646
3.85714
4.16644
3.73573
4.13356
4.20884
4.21774
4.25711
4.05428
3.88206
4.11038
3.71842
3.73764
3.84868
4.57136
4.084
4.54834
4.48526
4.04833
4.01388
3.95171
3.84432
3.72705
4.31502
4.02404
4.26261
4.23379
4.27844
3.9205
4.07966
3.78795
4.10548
4.02321
4.42791
3.994
4.02628
4.18844
3.90555
4.57341
4.57064
3.77492
3.68436
4.17922
4.29815
4.1734
4.44884
4.09826
4.26481
4.26876
3.50096
4.29723
3.8673
4.25936
3.98802
4.30607
4.19841
3.90768
4.0297
3.89862
4.03214
4.25688
4.00357
4.16778
4.01164
4.08004
4.34095
4.03392
4.19102
3.97577
4.14997
4.27977
4.36406
4.85963
4.1913
3.95993
4.50758
4.07317
3.76791
4.28569
3.96102
4.1127
4.25313
4.08678
4.36789
4.10573
4.18032
3.91834
4.17247
3.9136
4.19714
3.88185
3.63337
3.71711
3.93728
3.98672
3.998
4.07635
4.01966
4.17723
4.00242
4.01724
3.84148
3.919
3.93266
4.19236
4.2935
4.10464
4.23234
4.30755
4.29844
3.93162
4.31602
3.82446
3.92381
4.22466
3.9134
3.72041
4.23957
4.08239
3.77053
4.46594
4.31943
4.13692
4.21144
4.49517
4.14941
3.93493
4.30548
4.16361
3.9707
4.01587
3.7462
4.38781
4.05738
4.26976
3.94638
3.77224
4.05491
3.93074
4.33508
4.06487
4.15799
3.9255
3.70962
3.78748
4.47082
4.40415
4.24602
3.77883
3.98106
3.84222
4.48858
3.95541
3.83336
4.82486
4.60767
3.62538
4.11587
4.06261
3.82131
4.08707
4.51748
4.152
4.3434
4.22362
3.87963
4.06442
4.33073
4.01882
3.84167
4.24356
4.47333
4.17359
4.26956
3.83019
4.12705
3.88101
4.17634
4.20024
4.30166
4.17216
4.09859
3.90625
4.36594
4.08699
4.21882
4.27094
4.08135
4.40503
3.92773
3.92123
4.2757
4.52387
4.10569
4.25688
4.34483
4.56719
4.0831
4.03019
4.1482
4.27981
3.55072
4.2736
4.64715
4.38934
4.519
4.42671
4.50574
4.32632
3.69069
4.41121
3.93825
3.9403
4.2149
4.18763
3.97345
3.94639
3.7356
4.25215
4.22359
4.57691
4.35681
4.38873
4.1244
4.10676
3.80301
4.40133
4.25643
4.12797
4.54652
3.99603
4.1422
4.78976
3.97829
4.30032
4.4957
4.20354
4.37097
3.67197
4.10513
3.93483
4.14986
4.20873
4.30391
3.93723
4.03035
4.31629
4.19936
4.56319
3.87703
4.2724
4.24759
4.14735
4.28854
4.44723
4.20225
4.41102
3.80308
4.5027
3.88841
4.0507
3.69061
4.04541
4.15193
4.00051
4.22214
3.84441
4.52323
3.95037
4.07623
3.91537
4.09539
4.41625
3.84675
3.93181
4.2401
4.42702
3.79603
3.43375
4.23168
4.1201
3.91857
4.13599
4.10861
4.09655
4.16347
3.87148
4.29248
4.06812
4.02062
4.22122
3.90212
3.74132
4.22677
4.00466
3.93146
3.74099
3.79364
4.57273
3.77295
4.26487
3.91014
4.28361
4.27434
4.46278
4.08898
4.17024
4.30526
3.68675
4.19036
3.95887
3.77805
3.86729
3.83349
4.16121
3.97629
4.54806
4.32094
3.91727
3.86983
3.69526
4.27977
4.10709
4.17944
3.9719
4.12834
4.10599
4.07932
4.18634
4.21694
4.24043
3.92879
4.36542
3.98771
4.36788
4.13112
4.11971
3.83548
3.9626
4.59805
3.79746
4.37831
4.09656
4.39538
4.1703
3.89421
4.76845
4.04346
3.95858
4.09237
4.17001
4.36691
4.12959
4.21357
4.18838
4.566
3.81977
4.24415
4.00778
4.32094
3.96943
3.96873
4.50053
4.21406
4.3148
3.51978
4.37957
3.93139
4.21746
4.27127
4.23076
3.97926
4.08288
3.83601
4.48439
4.17363
3.87471
4.07603
4.3767
4.35066
4.28182
3.81006
4.49125
3.9072
4.0566
4.06203
4.10256
3.85775
4.36902
4.24238
4.19198
4.24286
4.08683
3.8341
4.14792
4.22561
4.08324
4.0921
4.11025
4.14679
4.28334
3.90016
4.20185
4.21468
4.48211
4.31746
4.1315
4.0912
4.1714
4.11616
4.04122
4.23774
4.38987
4.12135
4.28882
4.39426
3.71601
4.15208
4.44509
4.28936
4.42349
3.97365
4.5694
4.76932
4.70967
4.59076
4.30802
3.63925
4.73239
4.38556
4.11283
3.99807
4.16814
3.88618
4.4422
3.94935
3.92996
3.80876
4.12173
3.88743
4.24296
4.20529
4.36045
4.34097
4.1236
4.48848
3.73674
4.6505
3.96113
4.29421
4.34191
4.46662
4.31443
4.14914
4.29623
4.54678
4.30755
4.52138
3.9911
4.48211
4.41711
4.18134
4.02159
4.38529
4.09561
4.46451
3.81858
3.87198
3.86401
4.44393
3.79409
4.24367
4.30225
4.82343
4.43744
4.254
4.00036
4.4568
4.734
3.88593
4.4014
4.17993
4.20306
4.05133
4.55097
4.74023
4.09933
4.16154
4.14379
4.51134
4.22791
4.31183
4.05031
4.31586
4.10602
4.28502
3.68844
4.21743
3.78911
3.82285
4.1317
4.37122
4.53231
3.95363
3.85479
3.80567
4.47204
4.21991
4.37774
4.30585
4.15037
3.82249
3.64544
4.1808
4.09083
4.033
4.49925
4.59016
4.06254
4.02362
3.94766
3.90399
4.30758
4.16605
4.10711
3.88239
3.86038
4.05585
3.65245
4.12878
3.76013
4.36847
4.10853
3.916
4.56586
4.39474
4.06541
4.40439
4.50024
4.24148
4.37034
3.5824
3.6968
4.29937
4.04326
3.49933
4.59303
4.07436
4.28454
4.39645
4.7066
3.93045
3.5547
4.19482
3.98613
4.31674
3.72786
3.98275
3.82845
4.06518
4.49157
4.22424
3.80154
3.8701
3.76982
3.91753
4.48705
4.45702
3.76701
3.74002
3.9843
4.02731
4.15673
3.91398
3.93828
4.22795
4.52329
3.9784
4.31112
4.32659
3.62049
3.72173
4.40625
4.08208
4.1947
4.24846
4.24789
3.87161
3.90395
4.48846
3.98813
4.59023
4.53494
4.25222
4.46007
4.56006
4.28614
4.12026
4.5792
4.07651
4.43852
3.87393
3.70452
4.0709
3.74802
3.69803
3.86148
4.25523
4.44933
3.89631
3.80673
4.09038
4.27464
4.27632
3.88645
3.89157
4.35225
4.01025
4.15492
4.25
4.06611
3.87951
4.57667
4.09633
3.63836
4.30853
4.48467
4.25849
3.7998
3.67211
4.0824
4.1999
4.10001
4.1754
4.24606
4.00084
4.01682
3.88794
4.61819
3.97211
4.06825
4.28598
4.33299
4.07378
4.06318
3.99388
4.3322
3.87726
3.75733
4.51135
3.56988
4.16449
4.18425
4.11107
4.12475
4.0208
3.77442
4.20554
4.25364
4.10705
3.98341
4.39004
3.37821
3.98627
3.85248
3.72332
4.18049
4.07349
3.99115
4.25265
4.18432
4.10488
4.16314
3.9862
4.04107
4.18869
4.08903
3.96108
3.81857
4.16724
4.13181
3.74495
4.38776
4.09568
4.16002
3.99989
4.00038
4.32329
3.89753
3.78036
4.06594
4.29119
4.14839
3.83775
4.17552
3.78802
4.28307
4.10215
4.09363
4.136
4.19295
3.98343
3.94725
4.42437
3.92748
3.89531
4.01429
3.9728
3.96433
4.01364
4.03394
4.05677
3.82534
4.11427
3.85012
3.98887
3.82626
4.20122
4.37969
3.90999
3.64643
4.39346
3.78207
4.12414
3.9377
4.17452
3.74849
4.24736
4.49957
3.82368
3.97712
3.68463
4.17652
3.74617
3.7518
3.498
4.00675
3.95982
4.0505
3.70574
3.78598
4.23994
4.09277
4.15552
3.94106
3.54986
3.95821
3.96943
3.57939
3.80846
3.76086
3.75819
4.16843
3.75721
3.89083
3.97725
4.1435
3.71875
3.67012
4.07692
4.33764
4.57504
4.04564
3.80962
4.02578
4.00165
3.40378
3.92321
4.18126
3.72771
3.52789
4.10482
3.58311
4.14073
3.9246
4.2064
3.97846
3.93755
4.26485
4.15844
4.30591
3.76064
3.75036
4.01493
3.88754
4.07109
3.64813
4.37014
3.93939
4.11377
3.67595
4.17596
4.06411
3.98024
3.91408
3.79636
3.80799
4.24072
4.10488
4.39417
4.31678
4.11699
3.89425
3.90467
3.8377
4.17014
4.27676
4.11286
4.11331
3.71729
4.16323
4.00432
4.00984
4.16351
3.7843
4.04736
4.08544
4.01245
4.03832
4.03653
4.00774
4.03816
4.18534
3.94366
3.99007
4.01364
4.29676
3.82069
4.15909
4.29459
3.39623
3.79524
4.40261
4.48823
4.1741
4.05368
4.04129
3.7224
4.05671
3.97557
3.91603
4.57373
3.97603
4.12413
4.05817
4.07974
4.22622
4.53531
3.80156
3.97555
4.24878
4.15707
3.87734
4.17159
3.68547
3.52544
4.07534
4.17927
4.46066
4.12204
4.33702
3.94564
3.56507
3.77432
3.89053
4.53006
3.70585
3.70125
3.6222
4.00547
4.0818
4.45621
4.31546
4.26219
4.64771
4.0707
4.3866
4.16207
3.97801
4.10669
4.17738
3.93655
4.16885
4.355
4.19631
3.88588
4.13347
4.36322
4.34847
3.56912
3.98109
4.29918
4.14871
4.03087
4.14338
3.99813
3.92086
4.08168
4.03847
4.18088
4.1506
4.1648
4.54912
4.16756
4.27998
4.11481
4.23236
4.03887
4.26036
3.97811
4.23134
4.06027
4.15848
4.3777
4.22693
3.87879
4.26243
4.27963
4.15707
3.97904
4.47625
4.28797
4.3103
3.94882
3.96219
3.9056
4.08966
4.16402
4.19553
4.49422
4.15806
4.05517
4.33457
4.11538
3.92509
4.02143
3.93349
4.8259
4.10455
4.59716
3.95623
4.02414
3.86031
4.36747
4.75299
3.94934
4.33042
4.04667
4.11279
4.25275
4.29191
4.44832
4.13006
4.37435
4.41317
4.16766
4.08561
4.79215
4.54452
4.21432
3.99412
4.28991
4.01915
4.35248
3.74381
4.26528
4.27095
4.03809
4.18194
3.83255
4.13384
3.97988
4.37433
4.4971
3.87923
3.78322
4.46221
4.46119
3.96289
4.14921
4.19431
4.43214
4.02289
4.22592
4.19145
4.21373
4.21786
4.49316
4.16497
4.47469
4.65791
4.07735
4.54408
3.85306
4.29543
4.2107
4.03103
4.13362
4.19429
4.10243
4.03629
4.11276
3.76119
4.33767
3.80109
4.2002
4.25717
4.24492
4.00779
4.60195
4.28048
4.53415
4.33876
4.24387
4.35077
4.23255
4.50439
4.53674
4.07122
3.95365
4.26805
4.91588
3.98871
4.29906
4.10264
4.09108
4.0901
4.24309
4.16014
4.32722
4.59361
4.48013
4.16846
4.43771
3.89842
3.93477
4.29732
4.20449
4.34762
3.96812
4.4077
4.2763
4.23514
4.41629
4.20121
3.88532
4.23978
4.50682
4.00084
3.75833
3.95485
3.86447
4.32136
3.89013
4.04971
4.12166
4.23093
4.37127
3.86266
4.18463
4.58863
4.16851
4.21983
4.45184
3.9881
3.8956
4.34657
4.18507
4.40513
4.27255
4.4579
4.26158
4.12346
4.2151
4.19674
4.23714
4.10349
3.98109
4.16904
4.50303
4.71887
3.84728
3.85468
4.01926
3.578
4.10087
4.38395
4.0766
4.30909
4.12771
4.05897
3.81795
4.08638
4.18549
3.95629
4.10206
4.25244
3.83214
4.46657
4.28029
4.33573
4.06096
4.49207
4.03671
4.44595
4.0967
3.97822
3.80342
4.01356
4.39854
4.01219
4.09186
4.06619
4.34155
4.296
4.23509
4.15019
3.8872
4.04784
3.97722
3.74907
4.1453
3.73839
4.31607
4.03847
4.1179
4.03045
4.39807
4.17193
4.23539
4.35273
4.12976
4.24337
3.87151
4.12313
4.0411
3.65061
4.22127
4.16337
4.17027
3.91827
4.45102
3.72493
3.89172
4.10552
3.85976
4.0886
4.31699
4.04672
3.86445
4.28387
3.87203
4.12419
3.99783
4.01281
3.8512
3.72088
3.85385
3.829
3.68461
3.65509
4.13338
3.65695
3.73348
4.02542
3.91231
4.2701
4.14801
4.2104
3.86142
3.94537
3.89985
4.24079
3.63667
3.57783
3.82383
3.46824
3.99859
3.85395
3.98733
3.83508
3.76658
3.99278
4.12463
4.14563
3.94597
3.99585
4.00928
3.79237
3.73292
4.10903
4.09145
3.80871
3.73482
3.9552
3.99994
3.98351
4.16675
4.15346
3.75643
3.93741
3.73592
3.88853
4.47016
3.75705
3.98152
3.77941
4.06856
3.62147
3.47421
3.96217
3.71819
3.74213
3.77726
4.31716
3.70924
4.19309
3.58479
4.25337
4.09049
3.8052
4.35153
3.93201
3.95323
3.8969
3.94371
4.11399
3.89114
4.64809
3.65734
4.38732
4.48784
4.02596
4.28113
4.35051
4.19446
4.01852
4.01634
4.36663
4.39934
4.14122
3.63385
4.2064
3.97583
4.05151
3.99721
3.97115
4.08436
3.84944
4.06098
4.22662
3.65417
3.68686
3.92738
4.3727
4.41804
4.11791
3.80488
4.32816
4.34685
4.11254
4.42005
4.33619
3.82404
4.08592
4.41432
3.66403
4.52389
3.88238
4.006
3.75439
4.295
4.31775
4.2125
4.05762
4.11459
3.70521
4.77405
3.5877
4.16573
3.88901
4.13932
4.56317
3.84209
3.86238
3.94415
3.86803
4.28886
4.32965
4.3118
4.03113
3.79277
4.24639
4.24001
4.05649
4.20357
4.15389
4.42967
3.76267
4.44945
4.2098
4.365
4.0992
4.50117
3.94911
4.35874
4.15486
4.08555
3.57429
4.25187
4.34554
3.93302
4.2226
3.93452
4.31032
4.17084
4.0312
4.4132
4.38191
4.14525
4.23414
4.29533
4.32837
4.30557
4.38612
4.24674
4.26478
3.75241
4.20943
4.20534
4.2288
4.54983
4.21756
4.58159
4.43463
4.31764
4.42997
3.83312
4.26547
4.24861
3.74335
3.94706
4.07975
4.07117
3.68182
4.46519
4.00032
4.13795
4.49863
4.49578
4.34381
4.02256
3.96592
4.17029
3.97844
4.14084
4.5436
3.92681
4.38206
3.98626
4.01535
4.26249
4.23332
4.22712
3.87923
4.31706
4.08255
3.99055
4.21193
3.90443
4.18065
4.03223
3.67156
4.10361
3.76445
4.24905
4.09772
4.27615
4.08231
3.85474
4.19047
4.24229
3.94885
4.17766
3.99555
3.62366
4.10804
3.82615
3.93136
4.05287
3.85605
4.21741
4.34108
4.3704
4.31121
4.47463
4.16357
3.82705
4.15506
4.01591
3.80306
4.22002
3.85733
4.45577
4.31495
4.35962
3.86949
3.90985
4.71816
4.21096
3.95004
4.17919
3.74014
4.052
4.15203
4.16366
3.6888
3.74772
3.42564
3.57596
4.25528
3.8044
3.75807
4.35747
3.62209
3.75544
4.19596
3.88445
4.11938
4.21513
4.21976
4.37175
4.34183
3.77512
4.08328
4.22493
3.79634
4.28135
4.30986
4.38536
4.05785
4.35041
4.06934
4.03799
4.2026
4.10221
3.90062
3.92526
3.41193
4.14549
3.76622
4.14472
3.72723
3.90367
3.96452
3.86184
4.42442
3.96336
4.17044
4.38454
4.48336
3.90617
4.17306
4.26146
4.14184
4.24423
4.18315
4.36334
3.8045
4.16784
4.4297
3.54901
4.45275
4.08555
3.96907
3.80769
4.33505
4.14499
4.1923
3.95962
3.94322
3.66192
4.12203
3.87438
4.12533
4.09641
4.02393
3.64822
4.20609
4.36875
3.98946
4.23915
4.37152
4.41558
4.35549
4.00529
4.04233
4.33433
4.28615
4.11584
4.25061
4.00246
4.66374
3.76214
4.46564
4.34503
3.96267
4.43855
4.25963
3.93441
3.95695
3.87143
4.14495
3.98121
4.29359
4.06397
4.01368
4.35823
4.21977
4.41149
4.01727
4.23323
4.54494
4.18625
4.31946
4.02253
4.08003
4.40459
4.01715
3.96301
4.63184
4.17364
4.37443
4.20181
3.70403
4.70605
4.07237
4.29443
3.79953
4.44065
4.43089
4.35629
4.08376
4.27779
3.81251
4.35143
4.41383
4.20067
4.49646
3.89511
4.34108
4.3481
3.78601
4.46114
4.01512
4.22448
3.95803
4.46531
3.96895
4.42323
3.72515
3.76204
3.95337
4.08776
4.23811
4.13049
4.51617
4.12613
4.29059
4.08307
4.13639
4.83157
4.50492
4.03896
4.52881
4.37942
4.22401
4.40284
4.25036
4.24778
3.8456
3.90829
4.52173
3.86174
4.5554
4.86523
3.70824
4.48529
4.08814
4.36406
3.99413
4.29671
3.98013
4.2132
3.95268
3.7933
4.40075
4.44058
3.77773
4.13932
4.07201
4.52352
4.5772
4.20448
3.73174
4.13726
4.31226
4.23976
4.20814
3.62267
3.65295
3.80081
4.17242
4.24542
4.15472
4.0069
4.0526
4.21197
3.92623
3.91755
3.65886
3.62551
3.65854
3.99325
4.03305
3.80537
4.21513
4.02405
3.82908
3.77598
4.14075
4.20142
4.13311
4.17286
3.80555
3.78164
3.78036
3.86004
3.83703
3.69072
3.55248
3.59153
4.13961
3.95777
3.95889
4.16858
4.27986
3.92172
4.04705
3.89367
3.35298
3.65195
3.90567
3.80706
4.1359
4.0034
4.21128
3.57124
4.0344
3.95164
3.53236
3.91363
3.82405
3.71998
4.17192
3.80392
4.08771
3.80798
4.01705
4.61455
3.89529
4.08725
3.98424
4.26297
4.00052
3.94011
4.08414
4.10255
4.21136
3.68101
4.52192
3.96961
3.50586
3.9418
3.85551
3.95243
3.75722
3.98699
4.40947
4.00361
4.36607
4.12871
4.27188
3.95106
4.29852
4.331
4.11663
4.13856
3.72375
3.98497
4.04897
3.73703
4.2475
3.64408
4.13893
4.306
4.55483
4.11271
4.15226
3.79537
3.79501
4.35006
3.90672
4.13487
3.17271
3.6145
4.11492
4.11468
3.90627
3.4378
4.06332
3.97886
4.38541
4.48357
4.03083
3.97557
4.06247
3.89068
3.74943
3.71362
3.96359
3.8486
4.29
4.09151
4.28319
4.19181
3.88298
4.53628
3.80089
4.41497
3.87418
4.08269
3.94903
4.31989
4.46537
4.10386
4.29544
3.75061
4.33481
4.13838
4.2768
4.33463
4.3345
3.88831
3.70251
4.2411
3.69313
4.18909
4.28002
3.79525
3.90384
4.34223
4.13482
4.14845
4.58846
4.3192
4.5297
4.35044
4.58307
4.35605
4.27947
3.87281
4.07779
4.4355
4.36248
4.4315
4.1883
4.09499
4.24917
3.81014
3.98998
4.17067
4.00656
4.0495
3.96888
4.02525
3.88072
4.32589
3.77228
3.88916
3.85329
4.0325
4.39217
4.34544
3.86914
3.95449
3.90754
4.46671
3.77251
3.94251
4.25359
3.95276
3.9084
4.07224
3.93306
3.77864
4.19587
3.89731
4.09177
3.86443
3.77885
3.91179
4.12495
3.84691
3.7527
4.06334
3.69297
3.88439
3.74128
4.24804
4.15713
4.02717
4.2477
4.24906
3.95221
4.02427
3.78941
3.98658
3.6647
4.15812
4.24294
4.18447
4.15981
3.60635
3.62714
4.27064
3.86307
4.23948
4.08138
4.14639
3.70085
3.98581
3.60091
4.07396
3.52315
4.1643
3.96559
4.45811
4.04038
4.03351
4.26653
3.76872
3.91415
3.81065
3.97791
3.7443
3.8666
4.12061
4.07365
3.7838
4.11751
3.88913
4.00952
4.30746
4.566
4.28029
4.30758
4.14721
4.18397
4.19085
4.39707
4.00916
3.99008
4.2814
3.93795
3.89007
4.17847
4.12695
4.13501
4.35871
4.0603
4.55522
4.13675
4.1328
3.96242
4.14593
3.93605
4.16571
3.85288
4.19406
4.41203
4.05181
3.96124
3.87742
4.20565
3.67232
3.90883
4.6758
4.22239
4.04177
4.32373
3.63509
4.16052
4.3652
4.05818
4.53095
4.25802
4.14344
3.98786
4.00848
4.52159
4.08165
4.28401
3.72236
4.41255
4.04069
4.51747
4.12006
3.81909
3.96369
4.33872
4.52206
4.50546
3.87777
4.20271
3.72459
4.33899
4.19697
4.50935
4.27586
3.90026
4.05183
4.58712
3.99295
4.121
4.32455
4.37864
4.27256
4.66044
3.93336
4.457
4.37106
4.00494
4.38723
4.25318
4.55035
4.44934
4.41534
4.66265
4.14179
4.29833
4.40325
4.42711
4.53763
4.02189
4.06339
4.21342
3.98921
4.13697
4.37181
4.4096
4.46872
4.21712
4.54668
4.05981
4.42573
4.34496
3.85011
4.04506
4.13156
4.35319
4.01719
4.23263
4.09192
4.3041
3.86353
3.97962
4.26876
3.9977
3.82467
4.21241
3.84253
4.37308
4.06936
4.50688
4.09194
4.10588
3.97435
4.32824
4.42219
4.49091
4.18949
3.81952
5.00296
4.09285
4.1537
3.88677
4.04206
3.82311
4.36936
4.02553
4.01048
4.16965
4.35994
4.14177
4.31202
4.23933
4.02702
4.18423
3.74481
3.74631
3.81035
4.04379
4.17197
4.29782
4.05068
4.42556
4.29312
3.80963
4.41001
4.18945
3.96183
4.28812
4.18148
4.33003
3.63836
4.63572
3.86558
4.38742
4.11989
4.26539
4.11022
4.22499
3.97336
4.21153
4.0979
4.14884
4.20109
4.62612
3.77594
3.95992
4.54152
3.94911
4.36174
4.44909
4.5294
4.18446
4.28303
4.60198
3.98745
4.26917
4.00055
3.88428
4.13914
4.17826
4.47669
4.02978
4.43118
4.11987
4.41133
4.17589
4.12197
4.37923
3.8145
4.01571
4.08141
4.18426
3.82755
3.63312
4.10283
4.22133
3.39715
4.56174
3.99368
3.66753
4.14193
4.18904
4.14427
4.31484
4.1353
4.56602
3.86196
3.93243
4.29868
4.53787
4.53849
3.97804
3.90696
4.26458
3.9833
3.95225
4.27636
3.89357
4.0972
4.10424
4.09614
4.29565
4.36124
4.11834
4.13945
4.29464
4.3997
3.81843
4.35358
3.48914
4.02153
3.82424
4.07663
4.16898
4.21061
3.90427
3.91022
3.7045
4.22239
3.83365
4.53666
3.81567
4.30893
4.20652
3.78508
4.11367
3.88631
4.23758
3.78096
4.30329
4.0004
3.73204
3.99137
3.8424
4.26246
3.76704
4.07468
4.16995
3.88949
4.0671
4.21553
4.43359
4.63367
4.21119
4.16501
4.39932
3.80482
3.71891
4.48692
4.13566
4.02948
3.93035
4.04557
4.25839
3.91956
4.41501
4.16623
3.99596
4.27412
4.37144
4.2481
3.71726
4.17772
3.86577
4.10586
3.91188
3.73651
4.05638
4.33493
3.77149
3.92422
4.17131
4.59168
3.90478
4.27201
4.2081
4.11465
3.93766
4.39866
3.89146
3.83748
4.01346
4.09404
3.76479
3.68347
4.19915
3.99968
4.36219
4.18666
3.85218
4.01429
4.20441
4.39879
4.11946
4.36671
4.12575
4.21198
4.11755
3.84635
4.28433
4.174
3.93826
3.75302
4.49062
3.87616
4.47568
4.36664
4.32392
4.35582
4.13294
4.14365
3.98914
3.54739
4.20411
3.84128
3.95925
3.92054
4.27325
3.92924
3.77092
3.83282
3.97758
4.20374
4.62983
4.08518
4.08779
4.06402
4.02692
3.64604
4.02921
4.23848
4.32847
4.16058
4.4331
3.87965
4.2595
4.09608
3.87971
4.17963
3.71595
4.34129
4.63239
3.9355
4.29027
4.19414
4.02678
3.80656
4.33631
4.40479
4.08052
4.19619
3.86312
4.25893
4.24727
4.37739
4.21763
4.28105
4.42356
4.46588
3.66575
4.1527
4.20519
3.83582
4.09324
4.37923
4.41328
4.07106
4.11336
4.86567
4.21765
4.27484
4.34714
4.15317
4.37139
4.64388
4.03488
4.36038
4.05027
4.46818
4.35343
4.04803
3.9194
3.80593
4.07885
3.98792
3.92514
3.82485
4.08002
3.84755
3.5489
3.93857
4.41583
3.90789
3.6775
3.43248
3.94459
3.73617
3.75114
3.9257
3.79225
3.68225
3.65884
3.68182
4.04603
3.91606
3.94339
4.21403
3.91021
4.138
3.8742
4.32237
3.63878
3.92051
3.66467
3.42249
3.84369
3.77009
4.34648
3.35801
4.06768
3.92761
3.98935
3.98033
4.1573
4.22181
3.90581
3.58534
3.72043
3.66287
4.43994
4.35642
4.00105
3.98178
3.7942
4.62797
4.10016
3.63885
4.54199
4.20784
4.4741
4.42439
4.20067
3.95169
3.89008
4.00169
3.92722
4.45683
4.09967
4.13173
4.36436
4.08736
4.14597
4.35771
4.41617
4.09316
4.31655
3.98445
4.03022
4.32504
4.18671
4.38986
4.32682
3.85277
4.33746
4.17743
3.94476
4.11253
3.95386
3.93481
3.94911
4.37396
4.28469
4.51324
3.86687
4.31394
4.03017
4.00929
3.88807
4.02283
3.51177
3.80178
3.97577
3.91396
3.99381
4.44721
4.03939
4.49052
4.06374
4.30114
3.91229
4.19365
3.71178
4.08329
4.14655
3.65745
3.77588
4.02696
3.91606
3.74559
4.31572
4.19917
3.85251
3.86699
3.78527
3.77716
4.01885
4.19348
4.10417
4.12946
4.25779
3.99821
3.8951
4.16258
3.72463
4.00137
3.94984
3.70977
3.98278
3.85326
3.64937
3.89323
3.91153
3.81161
4.01396
3.53764
3.87255
3.7109
3.80646
4.21613
4.17166
3.98575
4.0963
4.20012
4.23103
3.63411
4.03829
4.24983
3.75165
3.96531
3.95653
3.92591
3.69343
4.08521
4.05827
3.84384
4.72591
4.07939
3.73124
4.49374
3.57093
3.5839
3.98916
4.1199
3.64006
3.8953
3.79392
3.90016
3.81153
3.79337
3.8493
3.69079
3.85574
3.88863
4.21125
3.86054
3.56265
3.98836
3.57249
3.94276
3.77596
3.91724
3.93927
4.23691
3.76277
4.21906
3.86449
4.12502
4.34634
4.20697
4.14621
4.05301
4.24259
3.8257
3.98163
4.03854
3.61617
3.70187
3.80809
4.23731
3.77497
4.11915
4.56387
4.11381
4.32977
4.06372
3.98429
4.18791
3.74257
4.18066
4.03601
3.46676
3.9503
4.15003
3.99667
3.52813
3.87219
4.15059
4.25037
4.37437
4.14233
3.90161
3.95082
3.91838
3.78737
3.87929
3.93086
4.02482
4.31758
4.11142
3.77727
4.14003
3.87481
4.27064
4.40891
4.15692
3.98451
3.92418
4.10213
3.95641
4.04029
3.59755
4.27015
3.99682
4.11983
4.26857
4.08604
4.19624
3.85738
3.57373
3.91798
4.03579
3.94388
4.07716
3.9654
4.07463
3.55089
3.76098
3.75597
3.96215
3.5192
3.66998
4.24601
4.31413
4.2474
3.97055
4.29831
4.09903
4.00898
3.98049
4.00505
4.44448
3.89907
4.23292
4.33722
4.38103
4.35078
4.28126
4.08639
4.28497
4.05281
3.98026
4.32814
3.69209
4.03188
4.57976
3.89914
4.05835
4.4361
4.12987
4.42945
4.24089
3.75754
3.97386
4.02584
4.17494
3.61993
4.22651
3.75427
3.85781
4.33828
4.32808
3.6615
4.08192
4.23453
3.87946
4.3756
3.99878
4.21649
4.00967
3.73739
4.05642
3.8542
4.17336
3.82754
3.91041
3.73603
4.11043
4.07794
4.13576
4.24605
3.99068
3.82453
3.6541
4.32135
4.04825
3.38345
4.15337
3.80028
3.96503
4.36401
4.39162
4.00391
4.05115
3.72984
3.99945
4.30734
3.56112
4.11209
4.02834
3.60519
3.66364
3.78033
4.11145
3.87173
4.097
4.02092
4.09961
4.06189
3.77049
4.08236
4.07167
4.0033
3.90064
4.55401
4.2039
3.93964
4.11231
4.29071
4.10414
4.31173
3.95405
3.94914
4.11595
3.96227
4.17599
4.36169
3.82172
4.22581
3.98439
3.99043
4.43511
4.25278
4.33732
4.26284
3.50666
3.99602
4.54256
4.32571
4.21176
4.11616
4.28329
3.63451
4.01157
4.58424
4.00362
4.64483
4.32944
4.27393
4.11847
4.30346
4.35736
4.10083
3.87037
4.48821
4.00133
4.36325
4.36282
4.23675
4.0845
3.92548
3.79039
4.13712
3.82753
4.01574
4.70252
3.83213
3.9132
3.92154
4.06582
3.9341
4.41041
4.40975
3.92154
4.34948
4.38159
4.18012
4.34414
3.90792
3.77544
4.57495
4.21546
4.56159
3.87498
4.33368
4.01642
3.7954
3.93435
3.9865
4.27146
3.99381
3.68906
3.96639
4.13498
4.03123
4.07212
3.91346
4.33018
4.2044
3.95588
3.7553
4.20906
3.89462
3.86828
4.27355
4.11554
3.77701
4.47718
3.81374
4.25247
4.55202
4.36207
4.10353
4.12288
3.93337
4.08298
4.17996
3.34892
4.2534
4.12552
3.88498
4.39586
3.93601
4.43588
3.85379
3.78261
4.1905
3.88699
4.26001
4.09035
4.15461
3.81177
4.25148
3.76841
3.94328
4.28921
4.44109
3.82265
4.0615
3.93881
3.93364
4.06899
4.34569
4.21323
3.8704
3.9827
4.11603
3.91549
4.07129
4.31531
3.97638
4.38559
4.03761
4.41037
4.30869
3.95781
3.97662
4.28436
3.96588
3.85865
3.9521
4.40668
4.23579
4.29131
4.39139
4.07221
3.70284
4.26474
4.00282
4.27582
4.21698
4.15566
3.91942
4.66705
4.08447
4.27322
4.28832
4.25839
3.93632
4.22878
4.35972
4.01628
4.18394
4.32633
4.52288
4.38666
4.49717
4.19188
4.39307
3.84386
4.06955
4.18581
4.26782
4.40295
4.38689
3.96176
4.02075
4.15879
4.20179
3.8089
4.25869
4.28792
4.33916
4.19682
4.16649
4.27057
3.86473
3.92366
4.17786
4.48506
3.97648
4.31186
4.03113
4.1218
4.17271
4.22994
4.40401
4.22849
4.74174
4.28696
4.32564
4.24789
4.16291
4.2315
4.27354
4.03353
4.33172
4.03396
3.90576
4.40297
4.41951
4.4854
4.42992
4.14612
4.4137
4.12128
4.0891
4.35764
4.34043
4.55115
4.44509
3.88173
3.99481
3.77407
4.26662
4.24701
3.80871
4.14801
4.17369
4.12668
3.97654
3.79094
4.48224
4.44258
3.88152
4.29002
4.32698
4.34154
4.07555
4.59304
4.35218
3.77157
4.23808
4.16671
4.25395
4.16765
4.08431
4.43177
3.97626
4.55165
3.69889
4.34755
3.97137
4.17876
4.30965
3.95618
4.29284
4.40677
4.05025
4.29685
3.93759
3.59437
3.99853
3.9478
3.98781
3.76245
3.99423
4.1363
3.83142
3.99615
4.2989
4.07374
3.59601
4.40996
4.08069
4.29183
3.97843
3.57819
4.02723
4.1759
4.06778
4.15752
4.09713
4.46814
4.04907
4.01505
4.23907
3.97187
3.97004
4.09408
3.58218
3.6959
3.20065
4.04423
3.82458
3.91407
3.91636
4.19771
3.75348
4.10475
4.2569
3.92464
4.21875
4.21757
4.00762
4.17621
4.20585
4.04287
4.11543
4.22515
3.84575
3.957
4.34608
4.05639
4.04075
4.12996
4.55533
3.74555
3.87703
3.83428
3.72545
4.13855
3.93076
4.08585
3.87475
4.01871
4.18445
4.05879
3.83941
4.10553
3.76703
3.78464
4.1915
3.89317
4.45348
4.21495
4.13819
4.15858
4.45339
3.78383
4.07324
4.3217
3.53177
3.98005
3.98656
3.86129
4.15671
4.22778
4.14999
3.96181
4.12285
4.08588
3.98432
3.57141
3.97146
4.07865
3.62474
3.982
4.10695
3.88597
4.07485
3.96367
3.60095
4.33386
3.95474
4.21288
4.13449
3.87874
4.05263
3.97984
3.94875
3.9078
4.52224
3.48872
4.17611
4.27233
3.87505
3.95663
4.01007
4.22238
3.84355
3.4377
3.90508
4.06475
3.91442
3.57977
3.84314
3.67337
4.18172
4.02135
4.47686
4.14854
4.04835
4.21244
4.0199
4.40209
4.15667
4.20235
4.27057
4.24367
4.07543
3.91364
4.32293
3.719
3.90974
3.67423
3.68312
4.07084
3.82255
4.35513
3.81876
3.98406
3.90846
3.66635
4.51628
4.17968
4.35797
4.04861
3.67541
3.87284
4.22461
3.76152
4.36296
3.75912
4.03427
4.52841
4.72132
4.15934
4.15571
3.5574
3.67784
3.96558
4.01092
4.46802
4.2408
3.99709
4.10272
4.07809
4.11392
3.95373
4.08192
4.27842
4.2606
3.92549
4.18464
3.9788
4.32458
3.87529
4.27448
3.74608
4.44378
3.89693
4.30027
4.08054
4.52254
3.88013
4.34594
4.14311
3.68412
4.41916
3.75894
3.79883
4.22429
3.82433
4.07699
4.29882
4.11372
3.66802
3.90826
3.98097
4.00782
3.72283
3.7458
3.86576
3.93432
3.68769
4.029
4.32284
3.70385
3.83811
4.29583
4.76977
4.15083
3.89638
3.46297
3.91531
4.25624
3.81254
3.9799
3.93095
3.78591
3.87049
3.91577
4.17277
3.73791
3.56203
4.09338
4.31447
3.94842
3.91059
3.70964
3.93634
3.9589
4.06865
4.36764
3.81344
4.15324
4.35249
4.10974
4.23379
4.25577
4.27386
4.49346
3.91211
4.0862
4.34332
4.16447
3.79456
4.18375
4.21834
4.305
4.35765
3.79539
4.25406
4.05921
4.39143
4.00945
4.20637
3.97508
3.94525
3.9589
4.07121
4.20625
4.29868
3.76522
3.91127
3.93959
4.31742
3.73892
3.79867
3.63778
3.87097
4.43702
3.99397
3.91059
4.04414
4.09592
3.90501
4.09553
3.86228
4.08417
4.02266
4.02338
3.95439
4.36479
4.41948
4.18868
3.81941
3.90858
4.00439
4.14234
4.40614
4.09293
4.29243
4.17098
4.23202
3.97461
4.11716
4.09164
4.12083
4.16185
4.10263
4.22876
4.27622
4.06969
4.13789
4.22219
3.82114
3.84988
4.63518
4.20832
4.23548
4.13777
4.37798
4.50427
3.94724
4.28031
4.51114
3.95674
4.05025
4.21271
4.67233
4.24179
4.72584
4.04712
4.42833
4.2683
4.51763
4.46865
4.34559
4.37812
4.26484
4.27011
4.44703
4.42355
4.2295
4.51662
3.94079
4.54843
4.28569
4.51178
4.33931
4.11296
4.1937
4.35831
4.17984
4.13589
3.73441
4.36065
4.16668
4.15341
4.06029
3.84314
4.57923
4.40496
4.22839
3.85499
4.13539
3.94666
4.24889
4.03172
4.01904
3.82334
4.25302
4.26047
3.93355
4.31918
4.01
4.11885
3.93938
3.7472
3.72767
3.87956
3.98275
4.04235
4.13269
4.40485
4.13692
4.10598
4.51269
3.913
4.60379
3.95578
3.84748
4.27824
4.34119
4.19941
4.10366
4.77046
4.08641
4.41935
4.17407
4.3593
4.08258
4.15579
4.09926
4.05206
4.0851
4.23483
3.97889
4.0202
3.52254
4.28915
4.32124
3.75876
3.97155
4.05746
4.04768
3.9757
4.21308
3.88548
4.04526
3.99364
3.88904
3.99389
3.80997
3.99312
4.07714
3.79102
4.42724
3.72729
3.99223
3.89992
3.87733
3.88663
3.73014
4.07618
3.94207
4.40671
3.94165
4.144
3.77681
4.18349
4.09585
4.15423
4.17926
4.09778
3.87952
4.39954
4.06542
4.28462
4.52221
4.18257
4.43253
4.14533
3.92347
4.1594
4.22119
4.13114
3.92751
3.85142
3.75261
4.10653
4.0276
3.85904
3.92031
3.79088
3.82728
3.61699
4.18713
3.57544
3.91664
3.64032
3.89106
3.56304
4.30863
3.99687
4.30832
4.28659
4.19718
3.9673
4.17688
4.21675
3.81644
4.47727
4.06162
3.75574
3.88077
4.11763
4.22293
3.88703
4.25044
4.13953
3.79414
3.67962
4.1033
3.98179
4.32034
4.78488
4.24604
3.89814
4.26159
3.97536
4.2193
4.20748
4.34128
3.70288
2.98239
4.07173
4.13627
4.37747
4.08286
4.16707
4.28622
4.19246
3.88256
4.10525
3.80182
4.41212
3.77081
4.29411
4.33471
4.17365
3.93924
4.27554
4.3399
4.17859
4.02392
3.85932
4.35243
4.09083
4.13302
4.22976
4.11418
4.18281
4.29115
4.05105
4.15598
4.25955
3.88407
3.97734
3.85118
3.87466
4.3513
4.54808
3.9885
4.03918
4.16787
4.08956
4.29594
3.98194
3.95499
4.20081
4.35333
3.97886
3.86627
4.06222
3.55563
4.01608
3.82487
3.85693
4.46244
4.02423
3.81885
3.959
4.24364
4.0511
3.86227
4.43607
3.95105
4.07694
4.00914
4.1395
4.16145
4.3685
3.89811
4.25792
3.79783
4.19178
3.88762
4.2737
4.08732
4.2837
4.30659
4.32412
3.66103
3.59356
4.08972
4.30009
3.90216
3.83996
4.66597
4.09792
3.92408
4.09275
0.0000
