13.1322
12.8822
12.6078
13.0808
12.7347
12.8076
12.764
12.7811
12.7728
12.8137
12.2921
12.9352
12.8048
12.8761
12.9592
13.1407
12.6897
12.9954
12.8888
12.9124
12.976
13.3332
12.8427
13.2361
13.2223
13.1414
12.2802
13.0087
12.9987
12.9673
13.1185
12.4702
13.0253
12.7746
12.9343
12.7818
12.9217
12.6196
13.1376
12.7241
13.1923
12.7691
12.9286
12.4261
13.3552
12.7281
12.9629
12.9789
12.4961
12.917
13.2325
12.3573
12.8921
12.6874
12.4385
12.7644
12.6711
13.0213
13.2123
13.1039
13.3109
13.4628
12.6976
12.9584
13.2165
13.1042
12.67
12.7976
12.6284
12.7784
13.2111
12.596
12.9766
12.7026
13.0015
12.8727
12.7817
12.6951
12.7184
12.8796
12.52
12.6791
12.9855
12.9245
12.6664
12.72
12.7858
13.0766
13.1343
13.2697
12.2447
12.5827
13.005
12.8121
12.5467
12.8824
12.7995
12.9904
12.703
12.3981
12.8165
13.1865
13.0316
12.9452
12.8653
12.8845
12.558
12.928
12.9271
12.9562
13.2856
13.0647
13.0895
13.4554
13.3057
13.2649
12.9216
12.6979
12.7481
13.1813
12.1729
12.8589
12.8234
13.378
13.1451
12.789
13.0958
12.8964
12.8985
12.9813
12.8789
12.9421
13.0434
13.1644
12.9891
13.1026
12.6597
12.9992
13.0194
13.2109
12.8773
12.667
13.1199
12.9022
12.8073
13.0554
13.0031
13.0712
13.2669
13.0419
12.9572
12.8733
13.082
12.8888
13.2777
13.1932
13.1715
12.8603
13.0574
12.9945
13.0523
13.24
12.9489
12.9874
13.0867
13.1754
12.9334
12.7797
12.8291
12.8958
12.7984
12.5303
12.8445
12.8593
13.1811
12.3723
12.9008
13.1892
13.46
13.3321
13.0221
12.5374
12.858
13.2875
12.9112
12.966
13.2439
12.9693
13.164
12.8875
12.8437
12.8858
12.6938
12.8912
12.9508
12.702
12.943
13.0429
12.9023
12.9673
12.5609
12.9216
12.8815
13.1439
12.6407
13.0093
12.8185
12.8037
12.9686
12.568
12.9867
13.4792
13.1168
13.3246
12.5461
12.5753
12.8077
12.5439
12.7613
12.7009
13.0747
12.6919
12.9856
13.0795
12.8328
13.176
13.0526
12.6741
12.6051
12.8572
12.9892
13.0504
12.8301
13.0224
12.2189
13.0319
13.0659
13.1854
13.0187
12.9008
12.966
12.5521
13.0569
12.7235
12.7716
13.0073
12.9754
12.5471
12.9429
13.3457
12.7997
12.6769
12.8376
13.0789
13.2847
13.1205
13.0484
12.857
12.4973
13.2015
12.8256
12.6782
12.9933
12.4999
13.1428
13.0953
12.9774
12.6578
12.6838
13.0441
12.6118
12.6983
12.7367
13.0817
12.654
13.188
13.211
13.3302
12.9736
13.0674
13.0905
13.0203
12.8865
13.1254
13.2966
13.2456
12.8919
12.9045
12.7741
12.6951
13.1325
12.4174
13.1808
13.137
12.9301
12.7194
12.9069
12.6007
12.9518
12.8901
13.1579
13.0202
13.0934
12.6893
12.5859
13.1744
12.9794
13.0095
13.1243
12.9538
12.5652
12.8414
13.0202
12.8238
12.9583
13.11
12.9084
12.9517
13.0254
13.215
12.607
13.2286
13.2059
12.8858
12.8848
12.8497
12.8239
12.8364
13.0767
13.1022
12.8917
13.2552
13.3694
13.0715
12.5846
12.945
12.6896
13.0881
12.8443
12.5409
12.8596
13.0417
12.798
12.7314
12.7575
13.3564
13.2707
13.1333
12.8962
12.9337
13.4169
13.1361
12.9772
12.5013
13.0391
13.4426
13.0954
13.0266
12.6719
12.6027
12.643
12.782
13.1544
13.3385
12.7595
12.6508
12.6961
12.953
12.9128
12.6847
13.0402
13.1039
13.013
13.1245
12.7403
12.7629
12.9481
12.6394
12.9372
12.983
13.0866
13.0749
13.2035
13.0673
12.6404
12.6856
13.175
12.8483
12.8198
12.7773
12.8948
13.2779
13.1347
13.238
13.2195
13.3075
13.1529
13.227
12.991
12.8147
12.9717
13.2681
13.0942
13.0318
13.0558
13.0179
13.051
13.14
12.916
13.2693
12.7586
13.3391
12.9861
13.0817
13.331
13.2348
13.273
13.236
13.1062
13.0634
13.3999
13.3
12.8609
13.3927
13.1618
12.654
13.1477
13.1237
12.9112
13.1741
13.3202
13.1513
13.5609
12.6897
13.2527
13.1306
13.3055
12.8514
13.2061
13.0458
13.2094
12.797
13.156
13.218
13.0477
13.1926
13.0419
13.1116
12.8876
12.7966
13.5544
13.2697
12.8722
13.0176
13.1122
13.3877
12.8734
13.0908
13.1673
13.0027
12.7449
12.6099
13.2358
12.8404
12.9079
12.9723
12.938
12.79
13.0649
13.0816
13.1133
13.2096
12.8984
13.414
13.1674
13.05
13.0624
13.0971
12.8007
12.7655
12.8218
13.5661
13.0552
13.0461
12.9159
13.05
12.6733
12.8307
12.8642
12.7853
12.7385
12.7777
12.6164
12.5311
12.4581
12.8251
12.9522
13.0208
12.4075
12.7101
12.6271
12.7206
12.9459
12.5659
12.5344
13.0516
12.9428
12.5563
13.0935
12.7565
12.8908
13.08
13.1349
12.7028
12.8936
12.8978
12.8247
13.1746
12.9025
12.9208
12.5515
12.7439
12.8331
12.5882
12.5672
12.9507
12.6354
12.9132
12.714
12.6775
13.5366
12.2833
12.6728
12.8298
12.6264
13.1517
12.6352
12.4853
12.7728
12.4832
12.8822
12.7683
12.7162
12.5159
13.0668
13.2215
12.2672
13.1829
12.4605
12.5661
12.4093
12.6225
12.8255
12.546
12.7883
12.5544
12.8575
12.4754
12.6694
12.9457
12.6903
13.046
12.5929
13.0746
12.7428
12.8664
12.867
12.9996
12.8997
12.8802
12.5835
12.9205
12.7916
12.3881
12.8551
13.3807
12.6725
12.6577
12.6498
13.1145
12.7452
12.9352
12.8143
13.0654
12.6125
12.6305
12.778
12.7947
12.8575
13.3203
12.8601
13.1838
12.8165
12.7368
13.1062
12.6724
12.6013
13.0312
12.6671
12.59
13.2823
13.1298
13.0263
13.2911
12.7615
13.3574
12.6066
13.0702
12.8605
12.8947
12.9066
12.6944
12.9862
13.017
13.4334
12.8902
12.9693
13.3102
12.8349
12.6759
13.0655
12.9152
13.0802
13.0238
12.8516
12.9239
13.3731
13.08
12.6623
12.6294
12.7824
12.773
13.0655
13.2992
13.3205
12.9578
12.8456
12.9857
13.0799
12.7974
12.7848
12.4616
12.793
12.8214
13.2516
12.9233
12.7817
13.0695
12.3878
12.7466
13.0662
12.95
12.824
13.085
13.0951
13.0066
13.2253
13.0899
12.9298
12.7923
12.8671
12.988
13.2026
13.0021
12.9595
12.818
13.0944
12.9443
13.1082
12.7451
12.8682
12.8932
13.1245
12.7612
13.1717
13.0037
13.1971
12.3538
12.8647
12.3672
13.0567
12.6862
13.2026
13.2685
13.0173
13.0151
13.1007
12.5142
12.7236
12.6538
12.8831
12.5335
12.9623
13.4715
12.655
13.0271
12.2874
13.1207
12.7317
13.2913
12.9638
13.1991
12.9106
13.3501
12.6388
13.1884
13.1323
13.084
13.2503
12.8667
13.0973
12.8119
13.0536
12.482
13.0476
13.1314
12.8274
12.8103
12.8756
12.986
12.5028
12.733
12.9425
13.0551
12.7929
12.8212
13.1261
13.2041
12.9007
13.3409
12.683
12.8797
13.3818
12.8146
12.7594
13.0163
13.1072
12.9261
12.5649
12.9404
12.7286
13.2472
13.0018
13.0226
13.2187
12.971
12.9905
12.7846
12.8562
13.1277
13.1237
12.7414
12.8621
12.9106
13.1865
13.1118
13.1145
12.7381
12.5887
12.715
12.9183
12.7859
12.7848
12.8526
12.5491
12.9742
13.1809
12.6248
12.9888
12.8427
12.3904
12.9729
13.4119
12.9394
12.7895
13.0911
12.9888
13.1893
12.7205
12.8646
13.0305
12.9567
12.3903
13.0646
13.0356
12.7997
13.0193
12.8499
12.8842
12.4135
12.7966
12.8785
13.0462
12.9693
12.9809
12.7984
13.0284
13.0535
13.1687
12.61
12.716
13.0087
12.5678
12.6846
12.9033
13.0523
12.6199
12.7914
12.8843
13.102
13.2155
12.5898
13.034
13.0498
12.8516
12.6594
12.9094
12.5641
12.9572
12.6993
12.8438
12.8372
13.0537
12.8136
12.4695
12.7233
12.9585
12.4344
12.9204
12.6504
12.9985
12.4806
12.4253
12.7438
13.0595
13.1789
12.9414
12.8454
12.9119
13.1845
12.7393
12.9196
12.7535
12.8954
12.6925
12.867
13.4014
12.7678
13.1681
12.9037
13.234
12.7169
12.6956
12.5895
12.7288
13.0267
13.1815
12.5058
12.7147
12.5459
12.596
12.6108
12.9158
12.9157
12.7949
12.5435
12.9155
13.189
12.5142
12.436
12.7246
13.0929
12.5538
12.5522
12.9272
12.7671
12.996
12.7301
13.0626
12.5149
13.0104
12.9843
12.9619
12.8497
12.9878
12.7632
13.0903
12.5916
12.8318
12.7111
13.0383
12.6934
12.6345
13.0464
12.5503
12.7248
12.7959
12.6672
12.7012
13.2053
12.7691
13.1982
12.7334
12.4952
12.9069
12.8914
12.7266
12.7524
13.2831
12.7905
12.6894
12.8914
12.883
12.8059
12.8454
12.3648
12.9892
12.5471
12.8037
12.4532
12.9624
12.9158
12.9343
12.6202
12.7846
12.9039
12.6548
13.1945
12.8005
12.7458
13.0276
13.1681
12.9485
13.0769
12.8666
12.9076
12.6195
12.6978
13.2418
12.2593
12.5624
12.9708
12.9126
12.6697
12.7571
12.7746
12.8854
13.2192
13.0784
12.802
13.1677
13.0596
12.9915
12.6983
12.7168
12.7837
12.6026
12.5114
13.0951
13.174
13.1243
12.5541
12.9379
13.4024
13.0713
13.556
12.6696
12.7553
12.6723
12.6611
12.7585
12.9597
12.7845
12.6071
12.9296
12.6438
13.1483
13.057
12.627
13.2782
13.0819
13.3097
12.9638
12.7377
12.7768
13.3171
12.5562
13.1774
13.0245
12.8984
13.2396
13.2019
12.7005
12.7954
12.8884
13.3394
12.7974
13.0388
12.9261
13.5063
12.8778
13.1478
13.1338
13.0051
12.9248
13.0606
12.8088
12.8942
13.0855
12.831
13.0543
12.8909
12.6148
13.0758
13.2873
13.0854
13.2789
12.8005
13.1239
13.0746
13.0269
12.5253
13.0223
13.0211
13.5395
12.7962
12.7225
12.8641
12.6821
13.1039
12.808
12.5346
12.8449
13.0597
13.0531
12.9263
12.7566
13.0189
13.5906
13.2376
13.0506
12.6698
12.8753
12.8995
12.8092
12.3547
13.0679
13.111
12.7543
12.8951
13.0894
12.8012
12.7924
13.2031
12.7392
12.875
12.8537
12.7417
13.1818
13.4236
13.3818
12.8357
12.9454
12.9374
13.2525
12.8456
12.928
13.1596
12.9805
12.432
13.13
12.8788
12.6511
12.7712
12.8907
12.6458
13.0088
13.0753
12.9772
13.1143
12.7753
13.1856
13.0836
13.245
13.0867
12.9896
12.9399
13.0297
12.9658
12.8346
12.9144
12.8975
12.6177
13.476
13.1131
13.1376
12.7895
12.8315
12.7258
12.9402
12.8691
12.9525
13.142
13.045
12.6793
13.4919
13.0368
12.7498
13.0854
12.9541
12.8463
13.3125
13.0922
13.0593
13.0918
13.0178
12.9909
12.4627
13.4091
12.7563
13.3284
13.0464
12.4496
12.8099
12.665
13.0666
12.8037
13.4583
12.8477
12.8373
12.4125
13.0928
12.6123
12.723
12.7076
12.9729
12.6134
12.9175
13.2961
13.2374
12.72
12.7821
13.0608
12.4932
12.7874
12.9321
13.072
12.8575
12.6531
12.6174
12.7636
12.8807
12.2843
12.705
12.8924
12.6634
12.7649
12.8604
12.6178
12.9489
12.9028
12.9329
12.8174
12.8607
12.9035
12.706
12.9029
12.8362
12.7971
13.1295
12.879
12.8658
13.2018
12.9137
12.8315
13.0088
12.3537
12.7404
12.8217
12.6211
12.9237
12.868
12.8431
12.54
12.9304
12.493
12.6418
12.6099
13.2019
13.2085
12.4655
13.12
12.8853
12.7333
12.9439
12.8572
12.4951
12.7769
12.4857
13.0484
13.0443
13.3038
12.6004
12.6973
12.9582
13.0721
12.8269
12.8068
12.5094
12.5599
12.7138
12.4503
12.9331
13.0573
12.8501
12.7144
13.1647
12.893
12.3975
12.7894
12.5759
12.8434
12.6834
12.6279
12.9343
12.875
13.1667
13.0053
13.3011
12.6931
13.463
12.8068
13.2774
12.852
12.9541
12.5946
13.0996
13.0289
12.6366
12.6488
12.7949
12.7129
12.6865
12.9714
12.6471
13.1399
13.321
12.9076
12.6644
13.1758
12.8458
12.3894
12.9002
12.3579
12.8852
12.9123
12.7153
12.7111
13.1525
12.6655
13.2992
12.9834
12.7695
13.1247
12.5647
12.774
12.7937
13.1673
12.9858
12.5589
12.5258
11.9878
12.5325
12.4381
12.3599
12.7863
12.6934
12.6779
13.133
12.7236
12.746
12.8951
12.7446
12.7146
13.2943
13.1576
12.7483
12.98
12.9209
12.7046
12.8678
12.7491
13.0094
12.5509
12.5637
12.5618
12.8158
13.0606
13.0671
13.2349
12.8421
12.9271
13.0711
12.8661
12.8441
13.1257
13.0332
12.4506
12.7553
12.7434
12.9028
12.8291
12.9937
12.8025
12.9463
12.893
12.7759
12.6499
12.8646
12.6622
12.8364
12.9079
12.8325
12.324
12.9169
12.966
12.7929
12.3351
12.8709
13.0159
13.0206
13.0144
12.5563
12.4746
13.0982
12.7828
12.5251
12.6535
12.9078
12.8188
12.6232
13.3148
12.5375
12.5516
12.8993
13.3208
12.8687
13.0999
13.1537
12.8035
12.5365
12.9316
13.0579
12.5446
12.5722
12.6761
12.4828
12.8583
12.4603
12.6869
12.9325
12.3691
12.5313
13.0207
12.709
12.3142
12.9288
12.8575
12.7632
12.6842
12.7415
12.9069
12.8017
12.7779
12.4674
12.7218
13.2882
12.8048
12.7966
13.0974
13.0024
12.951
13.1058
12.8423
12.7418
13.0265
12.7847
12.5427
12.957
12.6177
12.8593
13.1646
12.7554
13.0271
12.9155
13.2037
12.6086
13.2203
12.6312
12.8209
12.6716
12.9053
12.5235
12.9191
12.5414
13.0648
12.7219
12.8683
12.7896
13.0746
12.751
12.774
12.967
12.8768
12.5965
13.0935
12.3742
13.0414
13.0951
13.1744
12.7736
12.9252
12.8353
13.37
12.6654
13.0491
13.0104
13.0738
12.757
13.222
12.9459
12.8147
12.7251
13.1629
12.8594
12.7202
12.951
12.934
12.2036
12.8252
12.7139
12.8274
12.478
13.2477
12.603
12.8799
12.6076
12.7917
12.7415
12.9921
12.735
13.0501
12.8338
13.1016
13.0506
13.2223
12.5502
12.8964
12.6441
12.9722
12.9267
12.409
12.6621
12.4371
13.0639
12.8586
13.2315
12.7976
12.8749
12.7395
13.0867
12.7961
13.0043
12.9659
12.3249
13.3513
13.0365
13.1443
12.681
13.0218
12.744
12.7216
13.3426
13.0673
12.9378
13.1773
12.7884
13.0465
13.512
12.7941
13.1746
12.9764
13.3864
12.9388
13.2329
12.9507
12.7926
12.3329
13.1118
12.4103
12.8333
13.3236
13.0302
13.2221
12.9511
13.0633
13.2319
13.0357
13.2699
13.2136
12.9404
12.8271
13.1643
12.7807
12.7118
13.4505
12.8447
12.9616
12.9757
13.2365
13.022
12.6011
12.8456
12.883
12.9515
12.921
12.8182
12.9616
12.552
13.2304
12.6975
13.2539
13.1387
13.0134
13.0559
13.1622
13.0556
13.12
12.7419
12.8025
12.7576
12.8241
13.2553
12.9506
12.9277
12.9783
12.9888
12.9011
12.9116
12.933
12.9388
12.8696
12.6936
13.111
12.9768
13.1669
12.7154
13.4913
13.5108
13.0437
12.9526
12.9043
13.174
12.9466
13.131
12.6781
12.927
12.8753
12.828
12.7524
13.2785
12.9563
12.8677
12.7146
12.9251
13.087
13.0881
12.6798
13.0064
13.1133
13.1012
12.8549
12.8223
12.8138
12.6233
12.971
13.0122
12.74
12.7901
12.9557
12.8651
13.2226
12.6409
12.4659
13.2549
13.0589
12.9251
12.9911
13.2146
12.8086
12.8691
13.594
12.8429
12.6817
12.5305
12.6053
12.7567
12.7956
12.86
13.2403
13.0016
12.906
12.8224
12.9651
12.5187
13.0878
13.0743
12.4575
13.2599
13.3498
12.7513
12.8913
13.0323
12.8116
12.9082
13.193
12.6621
12.5616
12.9088
13.1348
12.8676
13.1421
12.9554
13.0817
13.1777
12.9173
13.2234
12.479
13.1326
13.3023
12.9503
13.2746
12.7993
13.0691
13.1846
13.1675
13.1791
13.1476
13.2603
12.9109
13.0547
13.2749
12.571
13.2153
12.9906
13.066
13.0201
13.1156
13.1858
13.1391
12.7442
13.0454
13.0136
13.1037
12.8732
12.9449
12.8009
13.1513
12.9546
12.8905
13.2005
13.5329
12.9165
13.1954
12.8851
12.9355
13.0755
12.4201
13.0379
12.8807
12.6565
13.0984
13.1848
13.063
12.5979
12.7172
12.497
13.1377
12.8058
12.6511
13.0754
13.0343
13.1907
13.3828
13.1199
12.9344
13.1423
12.6221
13.1167
12.8375
13.0462
12.8975
12.8743
12.9574
12.6875
13.2341
13.4106
12.6671
13.0848
12.9797
12.639
12.6319
13.0749
12.8279
13.1873
12.8552
13.2003
12.8386
13.0147
13.2033
12.9839
13.0095
13.0406
13.0073
12.9858
12.7052
13.0418
13.0727
13.1335
12.9549
13.0715
12.7871
12.9876
12.9726
12.7822
13.481
12.973
13.0334
12.938
12.9446
12.9251
12.7811
12.8238
12.8012
13.1067
13.2789
13.1202
13.1832
12.835
12.9014
12.878
12.8808
12.3668
13.1589
13.0064
12.5669
13.1002
12.957
12.7925
12.8602
12.7934
12.7543
13.0313
12.8175
12.5796
12.5439
12.75
12.9179
12.1861
13.0646
13.0345
13.1722
13.1174
13.1929
13.0606
12.7324
12.8464
12.6799
13.0811
13.2161
12.8951
13.0822
12.7192
12.7692
12.6877
12.9827
13.1721
12.9345
12.4248
13.141
12.4613
12.6255
12.3696
13.0961
12.554
12.7948
12.8519
13.0966
13.4963
12.9677
12.8839
12.9818
12.9033
12.863
12.6523
12.818
12.8609
12.3538
12.6444
12.8538
12.9204
12.9541
12.8793
12.4614
12.8759
12.636
12.7935
13.0361
12.6007
12.7209
12.9258
13.2412
12.6608
12.721
13.4342
12.795
12.6431
12.6266
12.5918
12.543
12.6786
12.5838
12.9858
12.8169
13.118
12.8868
12.5067
12.7984
12.6838
12.518
13.0351
12.8247
12.5955
12.5434
12.4531
12.2601
12.9859
12.557
12.0753
12.5192
12.6803
13.0769
12.6403
13.0274
12.7377
12.8894
12.6124
12.5151
12.6481
13.0885
13.1313
12.8523
12.4803
12.8303
12.5164
12.4422
12.6313
12.9135
12.9518
12.5991
12.2674
12.6964
12.6289
12.6874
12.4679
12.789
12.7822
12.8281
13.0304
12.8628
13.2036
12.616
12.7294
12.7119
13.0098
12.8231
12.7102
12.395
12.6111
12.9236
12.7438
12.6677
12.9008
12.8652
12.5667
12.8214
12.9733
12.9302
13.3564
12.8983
12.2616
12.5481
12.783
13.0533
12.8686
12.6969
12.6564
12.7579
13.1612
12.8875
13.0244
12.6424
12.7088
12.8454
12.9514
13.0715
12.4065
12.5036
12.6399
12.8289
12.8845
12.6589
12.7334
12.5316
12.3822
12.8226
12.8844
12.8277
12.5359
12.932
12.9815
12.9063
12.7798
13.2274
12.9437
12.6912
12.9588
12.7585
12.7944
12.7006
12.6883
12.7818
12.8504
13.0904
12.5411
12.324
12.615
12.5375
13.0457
12.6625
13.3046
12.9111
12.9969
13.2168
12.9422
13.2974
13.0273
12.9564
13.1269
13.0339
13.1589
13.196
13.1507
12.8712
12.745
12.9782
13.0013
12.9182
13.0131
13.4385
13.2237
13.1718
12.9397
12.7883
12.74
12.9571
12.6482
12.5345
13.0932
12.7625
12.8326
13.2311
13.1664
13.0841
13.1475
13.2229
12.7679
13.0173
12.64
13.2179
13.2643
12.9326
13.253
13.1251
12.8257
12.3537
12.8916
12.9332
12.7728
12.7498
13.0156
12.9529
13.1806
12.7557
13.3673
13.1236
13.3728
13.1252
13.2099
13.3022
13.261
12.6253
12.5499
13.0774
13.1079
13.0112
13.0303
12.776
13.0396
13.407
13.1753
12.7205
12.9364
13.0779
12.7612
12.8876
12.9819
12.404
12.8247
13.4269
12.8783
13.1315
12.7147
12.8929
12.5231
12.9125
12.8632
12.8693
12.7065
12.5836
12.5207
12.9499
12.7166
12.7316
12.7612
12.9902
12.7211
12.6413
12.917
12.7718
12.9568
13.0312
12.4291
12.5058
12.7887
12.9254
12.8218
13.0523
12.53
12.677
12.8928
12.8986
12.9643
12.9225
12.6964
13.0666
12.9734
12.773
12.686
12.57
12.5373
12.9577
12.5744
12.5152
12.6219
12.9048
12.5267
12.6589
12.2956
12.6999
12.869
12.718
12.7779
12.8014
12.9941
12.8222
12.7527
12.5526
12.78
13.2689
12.9993
12.7814
12.9832
12.6221
12.5295
12.769
12.3692
12.9918
12.4874
12.9241
12.9545
12.7594
12.6391
13.3479
13.3219
13.2304
13.2384
12.5776
13.0475
12.8721
13.0971
12.9933
13.0437
13.3638
13.0884
12.9316
13.0543
13.1356
13.0878
13.11
13.2423
13.0606
12.8981
12.9586
13.0456
12.7336
13.1685
12.567
12.8905
12.9704
13.064
12.7468
13.1055
12.9735
13.4522
12.8479
13.107
12.8818
13.1013
12.7911
13.3342
12.5429
12.9204
12.9365
13.2061
12.8915
12.9388
13.1563
13.1781
12.6428
13.0584
12.5692
12.8181
12.6558
12.8486
12.8286
12.9826
12.6921
12.9674
12.5847
12.8597
12.9952
12.8799
12.8135
13.0154
12.9342
13.0708
13.1635
12.5762
12.7932
12.9722
13.0273
12.6727
12.7957
12.6353
12.9315
12.6884
12.8144
13.1292
12.5347
13.074
12.8879
13.1499
12.6453
13.0456
12.9043
13.0721
12.7231
12.7167
12.9799
12.8893
12.9476
12.7861
12.882
12.9221
13.1449
13.099
13.178
12.5505
12.8631
13.2561
12.9801
12.8413
12.7032
12.9667
13.0206
13.0134
12.7461
12.8737
12.8204
12.5744
12.8742
13.4071
12.5873
13.0126
12.8582
12.5956
12.8779
12.7935
12.8727
12.7145
12.7306
12.9453
12.5619
12.8147
12.5726
12.8832
12.6589
12.7244
12.8648
13.0891
12.9552
12.9091
13.0009
12.9337
13.0932
12.6048
13.2392
12.7928
12.8212
13.0013
12.763
12.9342
13.223
12.8082
13.2544
12.6721
12.6123
12.8051
12.5577
13.2865
13.3094
12.8706
13.0104
12.7467
13.3774
12.5492
13.032
13.1827
13.0109
13.1705
12.8672
12.9617
13.2251
12.8337
12.9812
12.7231
12.7275
12.9774
13.1022
12.7043
12.9276
13.0337
13.1969
12.6766
12.7571
12.9824
13.0673
12.963
12.7709
12.6741
13.5275
13.0867
13.043
12.606
12.6447
12.7515
13.2247
13.287
12.9936
13.0207
12.7136
12.9017
12.8286
12.9563
12.9439
12.5901
13.122
12.2125
12.4049
12.4967
12.9662
12.7687
13.0859
12.9984
13.4665
13.2813
12.6878
13.1118
12.6892
13.2558
13.1015
12.9026
12.8565
13.0436
12.6738
12.8271
12.9141
12.9795
13.1174
12.8941
12.5853
12.7259
13.1842
12.4766
12.8811
12.3344
12.6241
12.6544
12.8548
12.6882
12.8909
12.7026
12.3783
12.302
12.7858
12.7368
12.5261
12.6486
12.7504
12.6149
12.7858
12.6894
12.3928
12.8528
12.8469
12.42
12.7166
12.7971
12.6835
12.8148
12.4282
12.5468
12.5324
13.0251
12.9678
12.4799
12.6045
12.5233
12.6441
12.8243
12.6954
12.7617
11.9238
12.1201
13.1787
12.6469
12.3318
12.4041
12.453
12.7159
12.6076
12.7351
12.7575
12.3775
12.5078
12.4947
12.7209
12.8826
12.9758
12.7077
12.2662
12.5766
12.7804
12.8301
12.8884
12.3866
12.2722
12.7372
12.6873
12.7378
12.4129
12.4209
12.6676
13.085
13.095
12.9286
13.3126
13.0548
13.1211
13.5903
13.2094
13.2823
13.2021
12.9627
12.4146
13.2905
13.2515
12.8627
12.6752
13.1933
13.2835
13.1146
12.9571
13.2617
12.9195
13.2032
12.8074
12.6351
13.3193
12.9717
13.2884
12.5142
12.7208
12.978
13.1909
13.3933
13.0025
13.2459
12.8155
13.0594
13.2827
12.5413
13.154
12.5473
12.9445
12.8102
13.0021
13.0594
13.1531
13.0315
13.0341
12.7365
12.553
13.0451
12.8
13.2653
13.4759
12.9502
12.893
12.9205
13.5411
13.3646
13.1804
12.9936
13.1866
12.9941
13.1748
13.0244
12.7506
13.2944
13.0879
12.9304
13.0985
13.1398
13.1782
13.3299
13.1554
13.2486
13.1557
13.4316
12.991
13.3617
13.2733
13.1762
12.8627
12.9337
13.2214
12.7572
12.7484
13.4578
12.9996
13.2591
13.1364
12.9909
12.664
13.2317
13.2829
13.0411
13.1299
13.0715
13.115
13.2576
13.4341
13.3935
12.9687
13.3544
13.3356
12.7818
12.7774
13.6034
13.2365
13.1797
13.2277
12.8773
12.8274
12.6973
13.1804
13.3256
12.7708
13.4262
12.9481
12.8347
12.8478
13.2345
12.8826
13.0262
12.9703
13.1687
13.0207
12.6977
12.9073
13.3429
13.0681
13.2928
12.9827
13.4299
12.6843
12.5667
13.0346
13.1077
13.3697
12.9229
13.2112
12.9152
13.1903
13.1341
13.113
12.8923
13.2109
12.9702
13.2046
12.9439
12.4829
12.9327
13.0295
12.9047
12.6394
12.6832
13.015
13.0128
13.0233
12.8509
13.1654
12.4679
13.2541
12.9578
12.8188
13.3709
12.9662
12.965
13.1469
12.776
12.8143
13.2033
12.8145
13.0265
13.201
13.3149
13.4046
13.0152
12.8858
13.1814
12.7635
12.8905
12.9434
12.8436
13.3533
12.5879
12.7213
12.7139
12.7443
12.3919
13.0063
12.6641
13.2408
12.6983
12.4708
12.6427
12.8859
12.9141
12.9963
12.8438
13.0897
13.2547
13.0959
12.7563
12.7378
12.9968
12.9494
13.3118
12.9263
13.1462
12.7491
13.0985
13.0651
13.0138
12.5247
12.9871
13.5525
13.2518
13.0254
13.0361
12.9524
13.2723
12.7338
13.0996
13.149
13.0982
13.0728
12.8971
13.1635
12.7852
12.6935
12.9434
13.3033
13.1215
13.1889
12.5685
13.0962
13.0396
12.8321
12.8801
12.9928
13.385
13.5403
12.7153
13.0255
13.2477
12.9255
13.8232
13.0636
13.1923
12.9994
13.0858
13.1174
12.9158
13.3814
12.8475
12.9514
12.611
13.0312
13.0597
13.0238
13.3266
13.0306
13.4378
12.9138
13.109
12.9504
13.0138
13.2776
13.2703
12.9273
13.1116
12.6303
13.03
12.803
13.065
12.9027
13.2998
12.8763
13.2677
12.697
12.6013
13.0653
13.2501
12.914
12.5477
12.674
12.8922
12.6521
12.6459
12.8408
13.2692
12.6775
12.8056
12.9722
12.3515
13.0287
13.0046
12.679
13.0684
13.3155
13.206
12.6759
13.068
12.8013
12.9534
13.0792
12.8961
12.9681
12.9232
12.9189
13.1778
12.8381
13.1044
12.7485
12.9948
12.7218
12.9491
12.8188
12.9862
13.1295
12.8573
12.7258
12.7656
12.5272
12.8025
12.4384
12.9835
13.0679
12.5671
13.195
13.0165
13.1127
12.3821
12.6797
12.839
12.9155
12.6111
12.7239
12.7966
12.6065
12.6967
13.1785
12.6097
12.4395
12.9206
12.6966
12.7731
12.9934
12.7167
13.1251
12.5782
13.1442
13.0699
12.7457
13.219
12.8907
13.3292
12.8925
13.0574
12.6682
12.9374
12.9646
12.8981
12.5595
13.0203
13.1414
13.473
13.0946
12.9187
12.8819
13.0865
13.0076
13.4104
12.7817
12.675
13.1986
12.8365
13.1978
12.9128
13.2804
12.7792
12.8879
12.9738
12.6928
13.0352
12.7018
12.5133
12.7829
12.8732
13.0075
12.8926
13.1788
13.0866
13.1217
13.0738
13.1011
12.9671
13.2872
12.6248
12.9529
12.9704
13.0241
13.3733
13.1498
12.9824
13.0198
13.1529
12.8378
12.6756
13.0983
12.8319
12.1338
12.6973
12.7832
12.7091
12.7023
12.3994
12.8735
12.7806
12.7357
12.5627
13.1843
12.7165
12.667
12.7224
12.7331
12.9173
12.8899
12.5863
12.9075
13.1067
13.1364
12.9198
12.8597
12.7405
12.9145
12.981
12.6834
12.5247
12.6779
12.8374
13.038
12.6829
12.769
12.7224
12.9993
12.3759
12.679
12.6342
12.733
12.2296
12.6504
12.5304
12.6724
12.3301
12.3902
12.4929
13.027
13.2351
12.7651
12.4529
12.529
12.5813
12.6793
12.5022
13.2636
12.8041
12.8647
12.2459
12.7874
12.5005
13.0856
12.7185
12.5278
12.8058
12.6967
13.1585
13.0629
13.0047
12.8938
12.7776
12.7933
12.7468
12.8045
12.5311
12.926
12.8246
12.9755
13.1846
12.3987
13.0957
12.8652
12.8942
12.9353
12.9249
13.5205
13.4164
13.3023
13.0198
12.908
13.2411
13.288
12.9417
12.746
13.0267
13.0405
12.9306
13.0384
12.8828
12.8599
12.9476
12.8692
13.1778
12.7012
12.7132
12.4475
12.911
12.7895
13.0475
13.0274
12.91
13.1214
13.1898
13.5071
13.4119
12.6421
13.145
12.6528
12.6
13.1813
12.9904
12.8714
13.0934
12.8638
12.9683
13.0723
13.1278
12.969
13.0532
12.9401
12.9327
12.9358
12.925
12.8028
12.9596
13.2479
12.785
12.8888
13.0109
13.3742
12.7614
13.184
12.8138
12.6694
12.9412
12.8131
13.1424
13.333
13.0121
13.1794
12.9303
12.5296
12.6897
12.9491
13.1417
13.0626
12.5937
13.3056
13.0359
12.923
12.9764
13.0851
12.944
12.4672
12.9544
13.1883
12.7266
12.9762
12.8223
13.1376
13.324
12.6046
12.775
12.7489
13.062
13.3357
13.0739
12.9984
12.9077
13.4032
12.9527
12.8811
12.9655
13.0287
12.9095
12.8528
12.8199
12.886
12.9986
13.1993
12.5388
13.186
12.8518
13.0795
12.9691
12.9568
13.6667
12.7519
12.9973
12.7964
12.96
12.9876
12.8741
13.2396
12.6965
12.6345
13.0187
12.544
13.0118
12.8919
13.1074
13.2569
13.1772
12.8524
12.7713
12.9236
13.0017
13.1036
12.9947
13.0914
13.2891
13.1163
12.6895
13.2931
13.1408
12.4283
12.8881
13.1322
12.7703
12.8417
13.1669
12.9768
12.8031
12.8194
12.7779
12.8566
12.5
13.148
13.3297
13.2074
13.0957
12.9548
13.022
13.0413
13.1071
13.3156
13.2588
12.8378
13.201
13.49
13.0705
13.2442
12.7576
13.0005
12.612
13.1583
12.6468
13.2011
13.3142
12.7653
13.2399
13.4028
13.0162
12.6289
13.0849
13.0462
13.1484
13.4057
12.7547
12.9258
13.2731
13.2315
13.008
13.0527
12.9401
13.4994
12.9141
13.2697
12.7422
13.0383
13.1484
13.5155
13.6207
13.1731
12.9094
12.8832
12.8416
13.5501
12.9428
12.9932
12.6344
12.6201
12.4807
12.8669
13.0461
12.9589
12.5926
12.1753
13.1545
12.9414
12.9133
13.1216
12.8904
12.8763
13.1534
12.7117
13.2674
12.7394
12.714
12.4431
12.4832
12.5395
13.3004
13.0771
12.9991
12.9831
12.6871
13.0732
13.0925
12.7747
12.6894
13.1767
12.9943
12.9139
13.0411
12.4383
12.3607
13.1154
13.1172
13.066
12.8141
12.5356
12.7919
13.0342
13.0621
13.0357
12.78
12.7866
13.1246
12.7729
12.7186
12.9215
12.9054
12.5437
13.1637
13.169
12.1358
12.7712
12.8856
13.0368
12.9225
12.5727
12.6893
12.683
12.3137
12.8264
12.6568
13.0532
13.0937
12.6393
13.1845
12.378
12.9219
12.7646
12.7654
12.7119
12.8796
13.1636
12.8539
12.8046
13.1908
13.1434
12.8772
12.7285
12.5462
12.8548
12.9843
13.2324
12.9084
12.8706
12.8512
12.6653
12.5455
13.0971
12.6094
12.479
12.6654
12.6713
12.6229
13.1067
12.801
12.9159
12.6659
12.7195
13.0284
12.744
12.7275
12.7368
12.7485
12.6849
12.7536
12.9755
12.7868
13.1166
12.777
12.8492
12.4841
12.5766
12.5882
12.657
12.6992
12.6731
12.5004
12.6411
12.8793
13.0308
12.9147
12.3419
12.8362
12.9203
12.7901
12.8617
13.0063
13.0855
13.2364
13.2142
12.8293
12.8502
12.544
12.8465
13.0402
12.952
12.4711
12.5314
12.6616
13.143
12.9285
12.8445
13.4306
13.4737
13.2096
13.3068
12.7898
13.0859
12.8656
12.8277
13.2507
13.1695
12.9604
13.4049
13.0669
12.913
13.1549
12.8793
12.9711
13.3509
13.4594
13.17
12.9394
13.1117
12.8573
12.7799
12.9652
13.0976
13.2885
13.1678
13.361
12.8861
12.9462
12.9042
13.2609
12.7817
12.8287
13.2482
13.1626
13.0124
12.8946
12.9239
13.0465
13.1592
12.9311
13.1688
13.4073
12.9145
12.7945
13.1116
12.7008
13.2462
12.8422
13.229
12.9416
12.9695
12.9559
13.1567
12.5023
12.7331
12.7331
12.8467
13.2139
12.8648
12.7377
13.279
12.5657
13.2883
13.2977
13.0971
13.3917
12.7907
12.5497
12.9534
12.8635
13.1367
12.5857
12.9799
13.0009
13.0076
12.9305
12.7922
12.6862
12.7084
13.4074
13.0333
13.0005
13.0336
12.668
13.4835
12.8317
12.6965
12.4308
12.7156
12.6517
12.3597
13.2132
13.0431
12.8638
12.731
13.087
13.2706
12.7607
13.0054
13.5072
12.9556
13.0994
12.8307
12.5906
12.9799
13.2765
12.5274
13.021
12.653
12.9218
13.2659
12.8295
12.8482
12.8916
12.5974
13.0974
12.8815
12.8071
12.8639
12.8132
12.8722
12.4551
12.6788
12.8532
12.8209
12.8305
12.8714
12.9842
12.9104
12.8062
13.1445
12.7929
12.935
12.9294
12.6671
12.7783
12.8576
12.638
12.7185
12.9798
12.6832
12.3713
12.6876
12.5993
12.6982
12.9231
12.7771
12.794
12.9652
12.5002
13.0392
12.8962
12.7694
12.6229
13.4938
13.3015
12.5283
12.4821
12.5685
12.9034
12.9388
13.3878
12.7436
12.5274
12.8515
13.1701
12.5753
12.6116
13.0023
12.6245
13.1163
12.9368
12.1068
13.0128
12.9782
12.579
13.0452
12.8746
12.733
12.744
12.6629
12.7566
12.7101
12.7375
13.1955
13.0719
12.7186
12.8927
12.7359
12.7214
12.7843
12.9375
13.0339
12.7431
12.5404
13.1079
12.4531
12.7426
12.1878
12.602
12.8873
12.8971
12.9086
12.969
12.8453
12.9538
12.796
12.4602
12.9606
12.8451
13.2394
12.8769
13.0141
12.5496
12.5647
12.9373
13.0027
12.7383
12.5272
12.6953
12.7262
12.7177
13.1725
12.8737
13.1085
13.3049
12.8444
12.7598
13.1724
13.2648
13.1712
12.7179
13.1613
13.2454
12.7791
13.356
13.2597
13.2397
12.4278
13.2118
13.0249
12.9606
13.1997
12.9326
12.6046
12.5163
12.9922
12.9444
12.613
12.9886
12.4905
13.0723
12.7413
13.0912
13.0694
12.705
12.9295
13.2048
13.0729
12.8718
13.5543
12.8293
13.2043
12.9785
13.4181
13.1041
13.1382
12.9388
12.9044
12.871
13.0664
13.1169
12.7189
13.2991
12.7546
13.3494
12.6877
13.0077
13.362
12.9035
12.8234
13.2433
13.0084
12.3714
13.2723
12.6217
13.2234
13.1192
13.1371
12.7196
12.3502
12.8881
12.9746
12.8372
12.9063
13.1037
12.7717
12.5958
13.1374
13.0658
12.5642
12.4916
12.8697
12.4985
12.8563
12.2916
13.0478
12.9827
12.833
12.9508
12.7114
12.4656
13.0394
13.017
12.5584
12.7354
13.404
13.241
13.0965
13.0326
12.7312
12.8451
12.7326
13.0519
13.4594
12.8078
13.0144
12.9664
12.8293
12.9687
13.1348
12.4055
12.733
13.0688
12.7345
12.7312
12.9839
13.031
12.9062
12.8861
12.8622
12.7666
12.884
13.2193
13.0922
13.2349
12.6727
13.0411
12.5595
12.857
12.6227
13.4092
12.8224
12.6164
12.8964
12.1797
12.8521
12.8325
12.8287
12.7128
13.2603
13.1016
13.0699
12.8999
12.9872
12.6912
12.6848
12.8812
13.2193
13.0554
12.7361
12.8254
12.4454
12.7898
12.7152
13.2386
12.8512
12.7033
12.9377
13.0869
12.6825
13.0445
13.0327
12.891
12.8443
12.9112
12.7474
13.0498
12.9435
12.7364
13.1793
13.0198
12.8073
12.9709
13.1259
13.6093
13.1671
12.9829
13.1059
13.0482
12.8906
12.9124
13.0025
12.7424
12.6512
12.715
12.8445
12.8118
12.7857
13.0525
12.9573
12.7901
12.8406
12.9785
13.068
13.141
13.2099
12.844
12.9507
13.1423
13.2101
13.0628
12.8791
12.8323
12.6169
12.7299
13.2704
12.8596
12.9074
12.8226
12.7229
13.3576
12.3508
12.9766
13
12.8029
12.9706
13.3404
13.0651
13.0412
13.3887
12.8842
12.8273
12.8896
12.9104
12.8053
12.9662
12.648
12.6296
12.5811
12.5506
12.7832
12.9184
12.7446
12.6454
12.7082
12.6195
13.1341
12.488
12.6423
13.0376
12.8736
12.9004
12.7296
12.9227
12.8639
13.001
12.9026
12.6554
12.989
13.3788
12.9626
12.9314
12.9426
13.1362
12.7313
13.0534
12.7657
12.8914
12.8216
13.1531
12.7539
12.6573
13.2359
13.0448
13.095
12.978
12.6443
13.3349
13.231
13.1092
13.305
12.8615
12.7539
13.3346
12.8199
12.9418
13.2649
12.7301
12.8286
12.9381
13.1461
13.0476
12.6742
13.0212
13.0877
12.8371
12.7107
12.896
12.7841
13.0714
12.9141
12.815
12.9113
13.043
12.9945
12.8326
12.7602
13.2312
12.9596
12.7137
12.843
12.7768
12.9074
12.7322
13.2589
12.7056
13.0598
12.6435
12.8602
12.8976
13.1602
13.2344
12.6506
13.1562
12.9485
13.1921
13.0783
12.542
13.3159
13.4172
13.3229
13.564
13.0149
12.9242
13.3221
13.0797
12.9694
12.994
13.1653
13.1022
12.6698
13.1942
12.6063
12.8341
12.6914
12.8231
13.0597
13.1783
13.0648
13.3723
12.9465
12.8734
13.0867
13.2049
13.0776
12.9764
12.9485
13.4372
13.0274
13.0132
13.1993
13.0393
13.176
12.7909
13.0961
13.2897
12.9444
13.2318
12.6319
12.8713
12.5205
12.6983
12.8288
12.7044
12.9884
12.839
12.8109
12.8935
12.9498
12.9096
12.8471
12.7199
12.9689
12.7972
12.3394
12.6447
12.8711
12.4449
12.8429
12.4319
12.7139
12.7954
12.7619
12.581
12.8849
12.9622
12.7766
12.8759
12.8395
12.6976
12.6322
12.9056
12.9207
12.8727
13.0372
12.814
12.8039
12.5386
12.48
12.7855
12.6213
12.933
12.7346
12.8777
12.5781
12.8082
12.7698
12.921
12.5662
12.8579
13.1358
12.6029
13.1885
12.5282
12.6909
13.1018
12.2858
13.1321
12.7807
12.5864
12.7292
12.6803
12.7971
12.8273
12.8343
12.7298
12.4041
12.6391
13.2235
12.8543
12.6693
12.8802
13.2034
12.6675
12.665
12.8544
12.7019
12.9681
13.0034
12.5147
13.2016
12.8443
12.7705
13.0368
12.9001
13.1118
12.9507
12.5428
12.8352
13.1258
13.4573
13.1408
12.9854
12.8527
12.7333
12.8661
13.2069
12.9399
12.8789
13.325
13.3419
12.7728
12.9849
13.2367
12.8187
12.7756
12.9014
12.9582
12.9464
12.9867
13.0997
13.3389
12.8257
12.9981
12.8203
13.1248
13.0299
13.4862
13.305
12.9129
13.2482
12.6919
13.1496
13.2188
13.412
13.3081
12.9424
12.8119
13.2003
13.0408
13.3038
12.8717
13.146
12.9213
13.0787
12.9605
12.4832
13.0677
12.9658
12.97
13.1385
12.8317
12.5093
13.5223
12.7352
12.8014
12.9027
12.6729
12.7261
12.7003
12.9476
13.1497
13.0531
13.0349
12.6699
12.9634
12.8765
13.0189
12.7164
13.0486
12.8325
13.247
13.237
12.8467
13.2577
12.8448
13.0743
12.978
13.1859
13.0651
12.8303
12.9816
13.3152
13.3533
13.1579
13.0668
13.0633
12.6968
12.9102
13.2199
12.8589
12.6664
12.955
12.9848
12.8686
12.7357
13.0245
13.0338
12.7816
12.9702
13.0464
12.9434
12.8978
13.0504
12.8006
12.36
12.9568
12.1854
12.8807
12.8272
12.9678
12.9112
13.0349
13.0219
13.0281
12.9129
13.2923
13.1913
13.0458
13.0899
13.1258
12.872
13.5642
13.2136
12.5858
12.8556
12.8329
12.8957
12.9106
12.7918
12.6706
13.2685
13.0261
12.4908
13.2843
13.0091
12.6788
12.7619
13.1626
13.1697
12.9746
12.9874
12.6441
12.9
12.6741
12.8527
13.0299
13.0407
12.5728
12.6753
12.7533
12.9591
13.1087
12.8574
12.8711
12.9284
12.7791
12.9193
13.1635
13.2722
13.1787
12.7134
13.2119
13.2225
12.8321
12.967
12.9833
12.8301
13.0221
12.922
12.979
12.4892
13.1972
12.9038
12.5976
13.2001
13.0602
13.0485
12.6876
13.2925
12.8335
12.9565
12.909
12.5312
12.6051
13.2345
12.9165
12.769
12.3725
13.0296
12.8915
12.5049
12.4588
12.5334
13.0252
12.782
13.5163
12.8946
12.821
12.802
13.1265
12.6278
12.8297
13.4123
13.1882
13.1126
13.1116
12.9441
12.7491
12.8864
13.3051
12.7539
12.8344
12.8167
12.7414
13.0525
13.4372
13.2388
12.7679
13.1499
12.9143
12.8077
13.2426
13.0145
12.7895
12.8285
12.8241
12.9364
12.7451
12.8344
12.7416
13.0451
12.804
12.9473
12.5466
13.4662
12.8317
12.9656
13.0895
12.8697
13.0911
12.839
12.8982
13.0844
13.1229
13.3365
12.8897
12.7853
12.5796
12.7236
13.3375
12.4149
13.1497
13.0367
12.7499
12.8051
12.824
12.5286
13.1027
13.0866
12.8009
12.981
13.0028
12.7528
12.6574
12.8845
13.0087
12.5816
12.7914
12.3496
12.7586
12.4976
12.7633
12.7071
13.1382
12.9236
12.8405
12.8236
12.7232
12.8655
12.8228
12.8574
13.2136
13.0276
13.2839
13.4312
12.8672
13.0035
12.8305
12.6923
12.6202
12.8702
12.8188
12.88
13.3454
13.1746
13.5487
12.8986
13.2453
12.8781
13.4107
12.6271
12.8236
12.8698
13.2215
13.0601
13.1051
12.7876
13.1296
12.6752
12.9796
13.1359
13.5026
12.7242
13.2775
13.056
12.8959
13.1076
13.1316
12.8209
13.2269
13.3233
13.2319
13.2544
12.6831
13.1739
13.0958
13.6203
12.9458
12.6478
12.7766
13.0207
12.829
13.117
12.8541
12.7785
13.0669
12.8741
12.7471
13.0995
13.1384
12.9814
12.8459
12.8819
12.7214
12.7189
12.688
12.4789
12.9132
13.2721
13.1294
13.2059
12.7742
13.0347
12.9694
12.518
12.9188
12.8737
13.2904
13.1682
12.656
13.197
12.8778
13.3162
13.3718
12.7859
12.5761
13.1596
13.1056
13.6877
12.9827
13.1107
12.645
12.8863
12.7606
13.1706
12.8799
13.2051
12.8371
13.1954
12.3604
12.8738
12.3106
12.8893
12.9807
13.1551
13.0458
12.695
13.0887
13.009
13.3051
12.7317
13.178
13.3316
13.3045
12.9578
13.1366
12.6962
13.1933
13.1341
13.3371
12.8806
12.6378
12.9137
13.1119
13.055
12.6826
13.0081
12.401
12.4808
12.8428
12.9711
12.6679
12.2572
12.8213
12.3528
12.6365
12.4385
12.6777
12.4562
12.9614
12.886
12.8604
12.9577
12.8742
12.9526
12.5013
12.4286
13.0842
13.411
12.643
12.9469
12.6521
12.8383
13.0448
13.2524
12.7356
12.8302
13.0195
13.1978
13.1003
13.2816
13.3729
13.1539
13.077
13.1144
13.0405
12.7481
12.9803
13.1778
13.1478
13.0897
12.9741
12.97
13.2521
13.0257
13.0472
13.0048
13.0643
13.3584
13.2947
13.2705
13.0365
12.8762
12.9483
13.2773
13.4689
13.1473
12.8872
13.4761
13.0911
13.2561
13.1598
13.1631
13.1818
12.9681
12.8336
13.3739
12.834
13.0955
12.7551
12.9214
12.7442
12.3438
12.8055
13.3712
12.9281
13.3177
12.9638
13.3993
12.5484
13.061
12.6742
13.2868
12.6655
13.1095
13.214
12.5825
12.7289
12.7219
12.6844
12.9713
13.0717
12.6516
13.0446
12.7498
13.0306
13.0648
12.5441
12.707
12.896
12.7861
12.5115
12.8309
12.6258
12.7046
12.5861
12.4976
12.6734
12.7742
12.8374
12.8895
12.7865
12.6848
12.8935
12.8051
13.2679
12.7482
12.9499
12.8983
12.6939
12.7803
12.815
12.9834
13.0573
12.8734
13.1209
13.04
13.2087
12.7344
13.3242
13.0845
13.062
12.9017
12.5311
12.4647
13.0229
12.7387
12.8522
12.4
13.107
12.8736
12.9667
13.0068
12.5263
12.8664
12.7563
13.195
13.0858
13.3047
13.0199
12.7758
13.0207
13.1283
13.2905
12.9055
13.0825
12.8279
12.8006
12.8821
12.6838
12.7068
12.9268
12.8578
12.7706
12.6747
13.0148
12.7157
13.2764
12.9602
12.8065
13.1467
13.1214
12.9339
12.8864
13.0328
13.063
12.9508
13.2567
13.0415
12.8972
12.8017
12.6143
12.8853
12.9003
13.0901
12.649
12.7773
13.0183
13.0592
12.6323
12.6905
12.3719
12.7728
12.3649
12.778
12.725
12.4889
12.7768
12.6559
12.9364
13.1644
12.9238
12.6101
12.6114
12.5123
12.7606
12.85
12.6567
13.1707
13.1044
12.4796
12.7638
12.7982
13.2747
12.7528
12.5234
12.6957
13.0654
12.9828
12.4305
12.5411
12.2545
12.9568
12.7523
12.7628
12.8145
13.058
12.9285
13.2309
12.9734
12.8518
13.1468
12.946
12.8375
12.9642
12.6536
13.1116
12.9188
12.8049
12.9119
12.8026
13.2171
12.9164
12.7767
12.8345
13.0893
12.546
12.934
13.0088
12.7616
12.8466
13.1617
13.2237
13.0979
13.2437
13.239
12.9062
13.0823
13.5475
12.9242
13.3701
13.1231
13.4031
12.6236
13.1699
12.9884
12.9567
13.2817
13.3894
13.0231
12.9845
12.7887
12.5782
12.5601
12.7546
13.1282
12.8845
12.8044
12.7536
13.3285
13.0069
13.5225
12.9431
12.8961
12.7769
12.4944
13.2873
13.1149
13.4084
12.8486
12.8719
12.6539
12.8574
12.9357
13.1658
12.6925
12.5591
12.7952
12.8914
12.3418
12.3149
12.4737
12.5181
12.6215
12.5302
12.8672
12.7298
12.5786
12.9422
12.7396
12.7212
12.6776
12.8379
12.8898
12.7888
12.8004
12.4514
12.6108
12.6749
13.0185
12.6854
12.8251
12.5884
12.6726
12.7899
12.5173
12.9493
12.6644
12.9544
13.2345
13.1877
12.6526
12.5364
13.2033
12.6714
12.7161
12.9593
13.0607
12.7329
12.5517
12.6995
12.837
12.8392
13.0718
12.9624
12.8041
12.4087
12.5943
12.0417
12.6094
12.6934
12.6306
12.7077
12.446
12.9698
12.7797
12.571
12.8324
12.9452
12.9104
12.9069
13.2047
12.9505
12.441
12.2546
12.4257
12.4489
12.553
12.5476
12.5044
12.6643
12.6273
13.1031
12.797
12.5892
12.7211
12.727
12.675
12.6625
12.7964
13.0292
12.7571
12.8152
13.0598
12.8972
12.9201
12.9897
13.0291
12.9546
12.3729
12.6103
12.7032
12.5111
12.6204
12.3784
12.7514
12.7107
12.5407
12.431
12.718
12.9552
12.7331
13.2422
13.2084
12.6683
12.8518
12.8344
12.8058
12.7103
12.8142
12.6107
12.4271
12.7075
12.6301
13.2673
12.8073
12.8749
12.806
13.0833
12.6095
12.8716
13.0703
13.0049
13.3518
12.8238
12.8997
12.6367
12.7207
12.8035
12.9125
12.5769
12.9752
13.1037
12.8914
12.8471
12.8313
12.6867
13.0201
12.8226
12.6801
12.9051
12.9349
13.0158
13.0115
12.8206
12.4748
12.6892
12.9015
13.3067
12.8124
12.9878
12.9142
13.1598
13.1403
12.9836
12.7428
13.254
12.9289
12.8641
12.9417
13.0598
13.1242
12.7385
12.8978
12.8452
12.9829
13.248
12.7496
12.926
12.8522
12.9883
12.9438
12.6996
12.7971
12.9564
12.825
13.0386
12.9537
13.1558
12.9817
12.6761
12.7255
12.8865
13.0974
12.6719
12.9843
12.7647
12.8871
13.1819
13.3868
12.9095
12.9142
13.383
13.0037
12.9858
13.5139
13.0997
12.9585
13.0713
12.8139
12.5018
12.8658
12.942
12.7689
13.159
12.9533
12.6869
13.168
12.6489
12.8372
13.1749
13.1692
12.877
12.7677
13.3912
12.9916
12.7862
12.7992
12.9346
12.8761
12.9606
13.1629
12.8972
12.9545
12.6755
12.8988
12.8763
12.9524
12.9186
12.711
12.9402
12.8609
12.9383
12.8484
13.4061
13.1143
12.9132
12.3687
12.7908
12.748
12.9215
13.0178
13.0956
12.8625
12.7359
13.0158
13.0157
12.8233
12.7018
12.9438
12.7591
12.6961
12.9493
13.157
12.6089
12.4875
12.6253
13.0951
13.3472
13.1147
13.0963
12.4297
12.869
13.1875
12.9561
12.8379
12.5132
12.6021
13.0191
13.2903
13.1022
12.8884
13.1917
12.7092
13.1923
12.4841
13.1972
12.9308
13.0852
12.9403
12.988
12.9952
13.0055
13.1777
13.2535
13.317
13.0863
13.0036
12.6974
12.4397
13.1342
13.288
12.8633
12.5801
12.7952
12.716
12.4326
13.0801
12.9491
12.472
12.7578
12.9669
12.6457
12.8071
12.5314
12.5536
12.6488
12.8701
12.7692
12.9754
12.7642
12.8753
12.76
12.9762
12.9184
13.0471
12.7767
13.056
12.7642
13.2487
12.863
12.5237
12.6821
0.0000