0.765767
1.30125
1.57724
1.37157
1.20074
1.243
1.12987
1.35522
1.73412
1.24028
1.27118
1.00849
1.35243
1.42443
0.941429
1.76603
1.24983
1.49558
1.28565
0.986095
1.6883
1.24563
1.28824
1.80032
1.50569
1.5038
1.06363
1.33091
1.4912
1.36989
1.57478
1.96767
1.01528
1.30751
1.76926
2.00085
1.17004
1.11823
1.24617
1.78093
1.45366
1.21447
1.2366
1.28861
0.782186
1.48206
1.20849
1.49671
1.42308
1.17946
1.30107
1.12276
1.15685
1.54178
1.48564
1.06463
1.56962
1.27809
1.73706
1.21009
1.79649
1.36051
1.36234
1.45576
1.49105
1.1043
1.84489
1.56849
1.47597
1.53538
1.71551
1.64933
1.11859
1.56648
1.71815
1.66469
1.30189
1.26227
1.62149
1.45805
1.2909
1.6402
1.24551
1.92812
1.58288
1.3459
1.05255
1.14858
0.828535
1.47034
1.69721
1.13561
1.45399
1.26606
0.693159
1.40364
1.42928
1.08489
0.928567
1.24915
1.38231
1.43577
0.969187
0.970415
1.28013
1.30975
1.73179
1.25531
1.1766
0.630771
1.39102
1.56949
1.01601
1.63085
1.13841
1.34393
1.08079
0.794771
1.7018
1.09741
1.09348
1.53644
1.40373
1.5855
0.912538
1.37535
1.20645
1.42095
1.59908
1.99305
1.07653
1.35879
1.68964
1.94226
1.43839
1.32074
1.48117
1.86559
1.17533
1.2035
1.26975
1.65611
0.890541
1.29294
1.13048
1.44203
1.42074
1.27864
1.58212
1.23404
1.28583
1.58852
1.54292
1.38409
1.46658
1.44364
1.67137
1.31522
1.58932
1.18054
1.48993
1.16368
1.54097
1.00724
1.67695
1.35206
1.64598
1.52374
1.60807
1.26273
1.11458
1.29887
1.72061
1.75866
1.42248
1.39895
1.30681
1.2351
1.13265
1.48768
1.2393
2.08628
1.26889
1.20413
0.942377
1.11828
0.975071
1.68516
1.53001
1.29711
1.41653
1.57974
1.00299
1.48376
1.34578
1.52014
0.977027
1.01683
1.14896
1.29173
1.16352
1.34995
1.06666
1.47361
1.16068
1.40113
0.958988
0.821596
1.09416
1.05086
1.32042
1.1695
1.24508
1.38622
0.852276
1.193
1.09735
1.18688
1.55168
1.63486
1.24455
1.11408
1.45898
1.24664
1.37954
1.19477
1.45993
1.21984
1.55603
1.12862
1.4097
1.51279
1.53504
1.55743
1.32815
1.34022
1.434
0.939086
1.69364
0.952701
0.924075
1.37065
1.19109
1.19993
1.30254
1.25384
1.38987
1.09543
1.22125
1.24023
1.39999
1.00015
1.37509
1.10432
0.859559
1.26731
1.22394
1.5108
1.19607
1.40586
0.959336
1.0928
1.34473
1.46493
1.05083
1.1914
1.16467
1.2642
0.93074
1.66997
1.68686
1.62633
0.872752
1.30904
1.18732
1.06334
1.08665
1.00252
1.83299
1.60939
1.32166
0.868758
1.55837
1.34089
1.40021
1.2543
1.09861
1.32969
1.59628
1.49089
1.38492
1.22115
1.69262
1.57916
1.01735
1.119
1.15515
1.61634
1.19146
0.9177
1.4039
1.45115
1.24934
1.20477
1.07939
1.16444
1.22409
0.981407
1.10785
1.18394
1.39345
1.20288
0.922449
1.03702
1.04346
1.23092
1.03072
1.14286
1.52448
1.41854
1.4348
1.26273
1.16119
1.3446
1.29265
0.96672
1.03039
1.59262
1.72341
1.3016
1.09728
0.988409
1.34863
1.03626
1.60537
1.50778
0.817365
1.1393
1.43204
1.20613
1.26446
1.4829
1.38169
1.15246
1.28416
1.08177
1.70011
0.919109
0.97836
1.39412
1.30194
0.61001
1.27508
1.59787
0.783618
1.18961
1.12015
1.12764
1.18201
1.20793
0.945019
1.04237
1.03714
1.0361
1.08648
1.28285
1.60955
1.5105
1.4869
0.725357
1.1049
1.23567
0.654037
1.06851
1.49498
1.45541
1.03173
1.00756
1.39994
1.29225
1.64637
1.09351
0.980312
1.1431
1.59035
1.36164
1.31093
1.26221
1.91385
1.41402
1.01194
1.10133
1.25553
1.13703
1.16474
1.20626
1.35184
1.24053
1.18722
1.1092
0.796687
1.36711
1.05473
1.06486
1.38365
1.47443
1.41073
1.07802
1.00724
1.2262
1.36041
0.656771
1.19734
1.5445
1.74132
1.11326
1.03533
1.15854
0.857027
1.33914
1.25656
1.10596
1.43364
1.34125
1.47045
1.10761
1.46735
1.41432
0.818162
1.35694
1.59315
1.35757
1.10412
1.07348
1.32705
1.10237
1.1549
0.999386
1.02556
1.64931
1.06993
1.42932
1.24698
1.14047
1.14515
1.1524
1.04884
1.31375
1.21085
0.986976
1.41191
1.35729
1.18378
1.23243
0.980775
1.18859
1.21644
1.36696
1.31416
1.34354
1.17781
1.44728
1.02008
1.52156
1.45409
1.1343
1.11988
1.19439
0.723645
1.37602
1.53042
1.19936
1.37284
1.67566
1.022
1.41308
1.28449
0.801398
1.12503
1.48605
1.15332
1.2622
1.17594
1.44395
1.36962
1.10195
1.54619
0.729994
1.36677
1.15517
1.21217
0.884033
1.11766
1.4713
0.841862
1.30201
0.944115
1.02562
1.00142
1.17546
1.71169
0.695984
1.0097
1.07486
0.954176
1.38294
0.631355
1.26584
1.43178
1.10663
1.35212
1.61047
1.09643
1.30368
1.37387
1.42717
1.55153
1.40118
1.42115
1.59438
1.13055
1.36671
1.01893
1.6117
1.38685
1.37766
1.15666
1.24002
1.67704
1.23071
1.46237
1.05944
1.40203
1.52673
1.55479
1.38893
1.49256
1.11414
1.48137
1.3392
1.33061
1.14098
1.22439
0.906555
1.49196
1.29018
1.69301
1.32032
1.26821
1.43277
1.57095
0.903008
1.28782
1.10867
1.28887
1.69646
1.12894
1.60352
1.17002
0.87124
1.29957
1.32903
1.19898
1.65515
0.721272
1.07952
1.37288
1.46847
0.993914
1.45346
1.48159
0.875494
1.38251
1.62542
1.20809
1.43632
1.38503
1.63214
1.29141
1.20542
1.40019
1.41417
0.991051
1.12908
0.873351
1.24406
1.02351
0.916278
1.30906
1.06712
1.03783
0.751783
1.02144
1.33337
1.05092
0.781875
1.10254
1.11279
0.986136
1.1485
1.39578
1.32132
1.31362
1.13335
1.37712
0.825125
1.207
1.29623
1.46008
1.22424
0.967258
1.40202
1.23921
1.13164
0.894809
1.12036
1.4675
1.22302
1.11179
0.590016
1.11714
1.00736
0.995657
1.11668
1.30035
0.940799
1.36967
1.08692
1.3986
1.17307
1.39919
1.18811
0.991053
1.07579
0.942253
1.47044
0.863909
1.25524
0.904623
1.07802
1.10312
1.2091
1.41537
1.26628
1.19464
1.09328
1.10406
1.33491
1.52714
1.38471
1.19344
1.16333
0.937636
0.890934
1.20683
1.15942
1.63166
1.34466
1.09368
1.01957
1.19152
0.891476
1.50244
0.82477
1.11272
1.17401
1.52265
1.22073
1.29174
0.809793
1.51214
0.986401
1.82074
1.91493
1.38203
1.57359
1.249
1.59006
1.54655
0.905787
2.00095
1.61007
1.41765
1.53833
1.13462
1.88378
1.63481
1.50882
1.84496
1.8296
1.18604
1.33316
1.98233
1.73846
1.56927
1.34825
1.86322
1.09114
1.60208
1.7398
1.89372
1.2004
1.08067
1.74068
1.60931
1.74748
1.14026
1.45774
1.60648
1.27127
1.67431
1.45821
1.75515
1.02117
1.40548
1.53153
1.0566
1.35928
1.74163
1.49186
1.40592
1.64298
1.79767
1.59144
1.37199
1.54421
1.27431
1.25394
1.3446
1.66841
1.40093
1.30482
1.74774
1.30326
1.70413
1.72596
1.93486
1.24969
1.72568
1.55183
1.41437
1.62188
1.34239
1.81966
1.75898
0.995604
1.52352
1.19979
1.79344
1.90004
1.29978
1.19293
1.66456
1.2381
1.60974
1.38005
1.37167
1.53345
1.31102
1.15165
1.45528
1.20367
1.22592
1.12621
1.39877
1.10053
1.40561
1.02357
0.720596
1.40866
1.11268
1.09818
1.08798
1.25565
1.32184
1.25609
1.59192
0.680924
1.09703
1.30074
1.25862
1.50979
0.853725
1.00458
1.38293
1.02824
1.35575
1.50549
1.34528
1.4745
1.30631
1.3323
1.70755
1.6145
1.44934
1.53235
1.21336
1.66435
0.852066
1.60833
1.34515
1.33508
1.38939
1.06693
1.84023
1.31417
1.34286
1.30556
1.44957
1.41873
1.53757
1.35557
1.48068
1.04562
1.33209
1.25105
1.50109
1.40591
1.34722
1.19213
1.46289
1.3068
1.75649
1.42416
1.4379
1.25535
1.51326
0.85711
1.52159
0.908866
1.49169
1.85196
1.20141
1.41245
1.27994
0.83501
1.51245
1.35846
1.22049
1.71589
1.02279
1.29941
1.42193
1.62172
1.20576
1.29418
1.66915
0.887094
1.51364
1.75805
1.48793
1.42278
1.61202
1.72286
1.66236
1.41709
1.50958
1.62389
1.39151
1.05979
1.42679
1.16144
0.763243
0.982038
1.2934
1.77533
1.23445
0.982636
1.18992
0.941784
1.08354
1.19587
1.56871
1.58204
1.63712
1.54352
1.12823
1.00168
1.46977
1.22484
0.894858
0.881524
1.5475
1.66879
1.40999
1.19406
1.34657
1.32563
1.47189
1.33156
1.75751
1.07759
1.14882
1.5397
1.56794
0.993571
1.44851
1.48996
1.02755
1.33281
1.3536
1.66334
1.22004
0.841029
1.82041
1.2425
1.00118
1.36767
1.60206
1.23212
1.55693
1.22162
1.54145
1.4286
1.29739
1.3225
1.36183
1.31718
1.07079
1.38351
1.24632
1.46112
1.58077
1.66894
1.1015
1.12144
1.35039
0.966631
1.313
1.28093
1.52322
1.33371
1.4575
1.48355
1.42066
1.65381
1.18746
0.985092
0.757423
1.45943
1.41166
1.25181
1.51527
1.73958
1.43777
1.26041
0.81387
0.683022
1.21448
1.00241
0.910292
1.15627
0.961343
1.07888
1.0487
1.52818
0.780366
0.776291
1.08994
1.21168
1.20053
1.05127
0.962878
0.956175
0.740202
0.711284
1.16595
1.12699
1.13857
1.16222
1.21328
1.10933
0.84685
1.40605
1.1805
1.05895
1.02643
1.09886
1.07924
1.13298
1.25302
1.00971
1.02075
1.37593
0.820741
1.03841
1.01944
1.17612
1.2339
1.25254
0.910123
1.47821
1.26698
1.19527
0.997443
1.32075
1.00676
0.88008
0.989289
1.25236
0.962339
1.35385
1.37589
1.18174
1.32809
1.38717
1.19821
1.20272
0.803827
1.05677
1.22672
1.12878
0.854878
1.25601
0.745512
1.05611
1.15731
1.08472
1.31987
1.13868
0.962727
1.1506
1.25961
0.964987
0.900153
1.14846
0.892854
1.20823
1.29912
1.28928
0.739524
1.28573
1.04737
1.15316
1.09287
1.30446
1.28206
0.92041
1.21281
0.989795
1.13332
1.03251
1.28822
1.12167
1.14193
1.29257
1.46566
1.2339
1.39349
1.16782
1.55963
1.31502
1.22129
1.39805
1.61775
0.733466
0.807303
1.2505
1.77909
1.01032
1.45802
1.34188
1.57444
1.3666
1.30185
1.40488
1.51815
1.48069
1.06421
1.1129
1.09435
1.32756
1.45364
1.21453
1.13755
1.10118
1.83243
1.4094
0.951777
1.00148
1.42168
1.47379
1.35447
1.49211
0.860809
1.41227
1.31574
1.50455
1.43206
1.709
0.745581
1.41119
1.22684
1.15146
1.59674
1.11756
1.5084
1.51806
1.26419
1.47635
1.53742
1.55462
1.27712
1.4279
1.62488
1.33988
1.64715
1.38672
1.62387
1.35794
1.10956
1.38731
1.16441
1.37512
1.03066
1.27322
1.17188
1.27914
1.47094
0.846588
1.42485
1.34356
0.926388
1.43926
0.86766
1.20353
1.10381
1.09481
1.06433
0.648876
1.55854
0.827507
0.828096
1.28007
1.36028
1.37786
0.715413
1.15303
0.833096
0.988425
1.206
1.6292
1.01225
1.25666
1.37186
1.57753
1.34007
1.21401
1.49261
1.55509
0.958147
1.18573
1.00397
1.53213
0.914539
1.12141
1.10511
1.08218
1.31964
1.17059
1.3828
1.01776
1.25885
1.46233
1.348
1.15513
1.33081
1.39908
1.2289
1.16627
1.34804
0.974886
1.14783
0.873472
1.34995
0.953162
1.36103
1.17171
1.45761
1.24457
1.32682
1.01447
1.15652
0.832013
1.42452
1.50357
1.22923
1.09414
1.16506
0.902182
0.988557
1.22776
0.977453
1.80735
1.06256
0.996681
0.884409
1.19796
0.995959
1.29574
1.31326
1.08487
1.32748
1.50208
1.18923
1.15852
1.21025
1.39331
1.14224
1.12931
1.0223
0.828171
1.17444
1.11601
1.21653
1.04061
1.3443
0.737737
1.02108
1.272
1.30749
1.28022
0.917813
0.976358
1.04197
0.837655
0.951118
1.16108
1.26308
1.276
0.990802
1.16086
1.32828
1.33642
1.33316
1.13832
1.08759
1.37638
0.880606
1.35836
1.14149
1.09821
1.27658
0.977619
1.46135
1.1677
1.02765
1.19091
1.27168
1.14629
1.27009
1.01085
1.28094
1.14673
1.02739
1.02019
1.32133
1.14593
1.12748
1.09509
1.18688
1.10227
1.41045
1.34232
1.2178
1.05035
1.25943
1.07944
1.32596
0.68229
1.26793
1.47788
1.29691
0.848737
1.22595
0.842324
1.31921
1.12825
1.13579
1.40466
1.21533
1.16645
1.15589
1.42719
1.21429
0.824876
1.31858
0.780884
1.39855
1.43529
1.49338
1.05779
1.33785
1.44226
1.53862
1.12936
1.23857
1.08339
1.24399
1.07261
1.41189
0.768098
1.16951
1.15995
1.37328
1.19546
0.854716
1.44393
1.42023
1.60718
1.44381
1.13959
1.0043
1.07325
1.14847
1.01292
1.27866
1.12994
1.28711
1.0529
0.800075
1.37391
1.16265
1.12662
1.22176
1.37954
0.966103
0.864077
1.19946
1.03264
1.05952
0.643098
1.5171
0.666387
1.13721
0.878081
1.32397
0.882818
1.04347
1.26085
0.842467
1.14167
1.24767
1.66236
1.29818
1.10049
1.0555
1.26112
1.23078
1.02677
1.15945
1.11353
1.51061
1.11086
1.34094
1.41068
1.52428
1.55912
1.10001
1.32814
1.20038
1.32131
1.20586
1.3065
1.32631
1.76139
1.43507
1.16415
1.2781
1.17674
1.31505
0.982466
0.890646
1.15954
1.31799
1.35399
1.31983
0.960232
1.55851
1.36344
1.36576
1.04168
0.948456
0.988651
0.948135
1.40679
0.988331
1.10914
1.3352
1.16542
0.93582
0.695674
1.46562
1.40888
1.00127
1.06755
1.43168
0.579814
1.04326
1.20827
1.46452
0.937815
1.03646
1.23096
1.25606
1.28205
1.04667
0.950874
1.34208
1.18524
1.22786
1.05214
1.15805
1.07843
1.17128
1.05205
0.671243
1.06855
1.48466
1.22077
0.925062
1.17708
1.22049
1.18278
1.10155
1.21193
0.819514
0.9496
0.936184
1.27542
1.22844
1.34026
1.15693
0.854547
1.20851
1.28525
1.4105
1.00092
1.28554
1.14304
1.21599
1.1649
1.2368
1.3984
1.17573
1.05674
1.27918
0.975584
1.36585
1.26033
1.11039
1.10925
1.31249
0.939197
1.04596
1.1811
0.647503
1.25866
1.07118
0.96556
1.23595
0.809584
1.17521
1.07774
1.08834
1.06058
1.21973
1.53391
1.20817
0.747548
0.944669
0.922259
1.18909
1.36435
1.31159
1.10116
1.02337
0.934166
1.0127
0.913781
1.39897
1.07645
0.853723
1.00639
1.46514
1.61089
1.44527
1.14837
0.984567
1.47802
1.24419
1.38981
1.6578
0.983931
1.18166
0.954303
1.60596
1.24728
1.26166
1.39345
1.31364
1.48537
1.27445
1.28491
1.21539
1.19739
1.25901
1.34157
1.1787
1.20153
1.37117
1.08818
1.2917
1.30344
1.50191
1.06497
1.40676
1.04254
1.04934
1.11304
1.37622
0.854151
1.18553
1.38327
1.37192
1.36405
1.11284
0.714045
1.49922
1.154
1.28906
1.32061
1.21223
1.3355
1.42082
1.3559
1.46123
1.08324
1.26655
0.999653
1.24075
1.5596
1.67019
1.0445
1.40051
1.66811
1.63472
0.726965
0.992197
1.26995
1.14147
0.704905
0.985684
1.00123
0.974971
1.26529
1.18402
1.38581
1.29929
1.33555
1.10282
1.35387
1.02122
1.07168
0.952222
1.24768
1.33645
1.40593
1.38794
1.44686
1.22449
1.13535
1.28419
1.37676
1.30755
0.87309
0.957896
1.20387
1.44998
0.8764
1.30563
1.20279
0.792019
1.34572
1.38485
1.31491
1.0403
0.943172
1.64876
0.925973
1.17532
0.966832
1.38941
1.11087
1.58066
0.936877
1.52129
1.11924
1.3776
1.25413
1.29039
1.04601
0.872424
1.16725
1.38437
1.39524
1.41159
1.44101
1.11515
0.864675
1.01766
1.11812
1.08928
1.57304
1.1553
1.28005
1.1977
1.23346
1.1702
1.47114
1.16186
0.850431
0.618564
1.32643
1.13326
1.25721
1.22488
1.48379
1.18449
0.982606
1.21736
1.43641
0.820882
1.08521
0.78327
0.998986
1.16783
1.13091
1.60901
1.23153
1.24201
0.659821
1.17977
1.11807
1.15577
0.731145
1.00781
1.22763
1.22143
1.62037
1.30332
1.26701
0.930218
1.42958
1.4706
1.4478
1.08833
1.13536
1.35135
1.36208
0.95487
1.40525
1.00609
1.11843
1.32581
1.50611
1.27388
1.26033
1.29571
1.55174
1.04286
0.983264
0.599538
1.02843
0.906404
1.63757
1.11145
1.29072
1.32013
1.16365
1.42394
1.40273
1.14025
0.934122
1.07589
1.00114
1.05093
1.51862
1.37253
1.1653
0.918154
0.828735
0.96669
1.15889
1.26876
1.00511
1.09282
1.31195
1.4622
1.32504
1.29173
0.828174
0.87635
0.787234
1.23266
1.36864
1.12306
1.11716
1.40905
1.22597
1.09827
1.38644
0.88936
1.06682
1.02032
0.558497
1.29779
0.982887
1.32954
1.26319
1.36123
1.26313
1.43296
1.09835
0.965463
1.14791
1.49954
1.09117
1.10895
1.11534
1.32518
0.977754
0.784844
1.35528
1.45139
1.27983
1.09408
0.756972
1.39276
1.26078
1.11729
1.19058
1.33526
1.1683
1.15677
1.38589
1.26281
1.25993
1.19063
1.5418
1.18227
1.20047
0.787483
1.46569
0.985942
1.22277
1.03668
1.56537
1.24533
1.10717
1.49145
1.46883
1.20582
0.934463
1.17827
1.22036
1.49738
1.54358
1.31654
1.00046
0.970392
1.26864
1.25989
1.52822
1.43448
1.0261
1.13882
1.17233
0.972626
1.06442
1.35535
0.957153
0.957499
1.29725
1.33321
1.28051
1.36519
0.970675
1.58547
1.01203
1.61798
1.13549
1.27137
1.5948
1.49204
1.5386
0.864413
1.46872
1.05219
1.42343
1.32884
1.83564
1.19977
1.49829
1.41005
1.78676
1.31317
1.20502
1.58132
1.67238
1.28483
1.10548
1.28508
1.73526
0.564774
1.20512
1.34166
1.45693
1.26721
1.30892
1.42359
1.27556
1.32244
1.21977
1.58472
1.21979
1.39855
1.57982
1.45477
1.02895
1.53952
0.94786
1.3652
1.21334
1.52976
0.91481
1.44536
1.53504
1.52378
1.50603
1.6128
1.26437
1.14634
1.05468
1.66881
1.64908
1.69788
0.869846
1.36105
1.2558
1.00465
1.34409
1.32566
1.94365
1.3207
1.22021
0.862399
1.34931
1.22792
1.39993
1.29175
1.2282
1.49181
1.47766
1.37007
1.44235
1.21289
1.50632
1.2591
1.36278
1.38937
1.60916
1.54554
1.24288
1.66906
1.66106
1.56836
1.61029
1.4486
1.27097
1.22033
1.19172
1.06006
1.55484
1.37581
1.80845
1.33724
1.2095
1.50505
1.55815
1.38254
1.56915
1.62747
0.722614
1.20384
1.1988
1.19902
1.48773
1.09187
1.70863
0.841377
1.62075
1.05498
1.47605
0.468993
1.32849
1.39993
1.2047
1.31767
1.37669
1.92785
1.52912
1.37799
1.34319
1.4351
0.924575
1.52968
0.956098
0.796318
1.67022
1.27203
1.52221
1.76249
1.59619
1.80607
1.42109
1.50134
1.42011
1.5669
1.43003
1.39633
1.68953
1.96698
1.80761
1.29741
1.33916
1.6271
1.48491
1.27675
1.21472
1.23197
1.48527
1.61486
1.55347
1.05984
1.84557
1.70849
0.691365
0.77045
0.840506
1.25234
0.80103
0.889359
0.976024
0.888672
0.992285
1.17371
1.17034
1.00703
0.956033
1.04131
1.34021
1.30906
1.19828
1.25111
0.740021
1.15201
0.973473
1.24389
1.21995
0.95775
0.944962
1.06962
1.492
0.88286
1.23775
1.06562
1.13213
1.15782
1.27143
1.17389
1.24043
0.791225
1.37656
1.09134
1.08969
1.01282
1.12259
0.782242
1.21308
0.92054
1.48708
1.16409
1.19534
1.09901
1.25935
0.723059
1.01747
0.697012
1.07029
1.40963
1.10494
1.23876
0.788041
0.469701
1.16595
0.929469
1.05022
1.36493
0.776117
0.883953
1.0948
1.14089
0.972452
1.17574
1.21118
0.669585
1.04241
1.3881
1.18359
0.959558
1.33851
1.44701
1.18293
0.862476
1.16014
1.03235
1.1313
0.899542
1.11482
0.912806
1.03491
1.13369
1.07509
1.11664
1.27894
1.14252
1.41048
1.18654
1.31072
1.15851
0.800306
1.17642
0.857094
1.14759
1.31413
1.0875
0.656884
0.918444
1.32555
0.784904
1.19471
1.18267
1.01711
1.39857
0.922641
1.37453
1.28953
1.04924
1.18105
1.13828
1.0323
1.25025
1.2883
0.715191
1.09653
0.87647
1.20606
1.07217
1.28088
1.13146
1.12159
0.944797
1.1709
0.826105
1.15395
1.49018
0.902025
1.24658
0.92756
0.567827
1.05434
0.993473
0.836951
1.51002
1.22615
0.840793
1.02233
1.14018
0.743043
1.41003
1.16475
0.985927
1.05098
1.57383
1.11579
0.85705
1.30404
1.41379
1.05327
0.86185
1.24747
1.30167
1.41113
1.33347
1.24968
0.982398
1.01646
1.44501
1.2323
1.00866
0.813964
1.59008
1.45974
1.58165
1.23069
0.987978
1.20052
1.40532
1.49431
1.77222
1.2412
1.02624
1.39276
1.60574
1.0417
1.56032
1.35559
1.38093
1.41402
1.42988
1.65213
1.47733
1.20827
1.57965
1.41415
0.850309
1.14315
1.35952
0.747429
1.46571
1.24838
1.40336
1.3553
1.25848
1.4744
1.42691
0.95127
1.24253
0.996585
0.891224
1.44102
1.40227
1.64356
0.844563
0.704709
1.24623
0.925418
1.33352
1.26463
0.971076
0.96747
1.4763
1.47257
1.30033
1.56216
1.01428
1.08337
1.08153
1.66089
1.54254
1.12994
1.4426
1.76335
1.34416
1.37688
1.13112
1.33533
1.52271
1.36448
1.3063
1.34617
1.29933
1.01771
1.16587
1.34248
1.30517
1.30101
1.14757
1.35569
1.10742
1.06071
1.44237
1.40899
1.6128
1.31931
0.917486
1.48526
1.61382
1.13346
1.3017
1.39008
1.32687
1.27285
1.53749
1.39857
1.47498
1.00672
1.73332
1.36409
1.2635
1.06504
1.47272
1.0993
1.36576
1.29237
1.81134
1.41018
1.07457
1.5974
1.62716
1.22903
1.1296
1.31544
1.09559
1.56881
1.47459
1.62198
1.06865
0.955378
1.50404
1.33266
1.63282
1.26193
0.930549
1.22095
1.51266
1.22169
1.16051
1.41792
1.20157
0.893976
1.31921
1.43421
1.37118
1.41175
1.30502
1.67406
1.20697
1.37702
1.61474
1.70427
1.2117
0.964123
0.885274
0.937689
1.17904
1.18663
1.10377
1.18346
1.23386
1.29556
0.652783
1.38132
1.20102
0.988193
1.19444
1.63998
1.25662
0.939391
1.22409
0.89031
1.11681
1.00275
1.14306
0.941591
1.55293
0.692172
1.42271
1.11745
1.22648
1.06592
1.21285
0.822344
1.28069
1.33348
0.955805
1.10211
1.32079
0.897943
1.19753
0.744721
1.12572
1.02318
1.60494
1.18623
1.42173
1.02613
1.26238
1.22221
1.37637
1.38913
1.28394
1.16206
1.08042
0.922188
1.11537
1.76813
1.15434
1.23643
1.49149
1.07491
1.35918
0.977386
0.904781
1.16564
1.3196
1.20423
1.11909
0.940687
1.42224
1.25412
1.24979
1.17077
0.998142
1.32576
1.62247
1.13446
1.18966
1.31977
1.53838
1.29985
1.34684
1.23849
1.48727
0.96749
1.2466
0.982953
1.55938
1.13597
1.26846
1.26428
1.34507
1.42187
1.36149
1.40061
0.911109
1.46467
1.39148
1.46647
1.12555
1.40783
1.19525
1.35027
1.38
1.32815
1.00541
1.06685
0.869469
1.23354
1.25405
1.60457
1.3348
1.14418
1.25367
1.47172
1.13414
1.14632
1.05469
1.23165
1.52819
1.24615
1.31232
1.13851
1.08969
1.32746
1.24797
1.21717
1.5598
0.912876
0.962577
1.09691
1.28616
1.05747
1.16599
1.43103
0.829518
1.53993
1.3802
1.18887
1.3067
1.25559
1.51087
1.24234
1.25633
0.996824
1.509
1.51615
1.51517
1.32317
1.63466
1.58341
1.60632
1.45182
1.19098
1.50495
0.990297
1.58493
1.04307
1.18827
1.33708
1.44713
1.1474
1.14715
1.83168
1.17837
1.23844
1.53474
1.45116
1.4282
1.3397
1.32296
1.69499
1.04418
1.48341
1.42362
1.69714
1.66581
1.53715
1.3485
1.13866
1.19681
1.90681
1.50437
1.57179
1.36348
1.56118
1.2297
1.55872
1.06047
1.53805
1.89917
1.06003
1.30121
1.27434
0.902053
1.70814
1.50843
1.41372
1.73759
1.35934
1.2782
1.35325
1.21546
0.988335
1.34407
1.76791
1.16636
1.62843
1.765
1.39821
1.16771
1.78451
1.5526
1.44651
1.21411
1.26954
1.6
1.54471
1.2526
1.25731
1.59144
1.42691
1.56472
1.60419
1.62509
0.86184
1.28245
1.49243
1.58992
1.17304
1.00005
1.38649
1.44269
1.47513
1.3577
1.65467
1.35611
1.48938
1.42864
1.5387
1.27527
1.41636
1.53081
1.59062
1.43946
1.43783
1.10467
1.35525
1.14044
1.43762
1.05849
1.55279
1.36466
1.72301
1.27201
1.36751
1.23024
1.1724
0.870417
1.49755
1.41528
1.64895
1.12694
1.08256
1.10174
1.30362
1.17521
1.35675
1.79484
1.26241
1.18053
0.986475
1.11384
1.49205
1.32838
1.36791
1.34238
1.39268
1.50037
1.56119
1.05678
1.51377
1.58722
1.39612
1.07424
1.22218
1.12886
1.03576
1.36135
1.31803
1.26034
1.30746
1.32298
1.23672
1.08733
1.46781
0.925752
1.10815
1.54182
1.41892
1.2136
0.926475
1.5495
1.2535
1.17999
0.834073
1.42026
1.7243
1.19628
0.933172
1.51903
1.2182
1.09997
1.48197
1.39099
1.30055
0.822418
1.01153
1.15147
1.45704
1.57914
1.19741
1.15598
1.08711
1.23207
1.41327
1.42474
1.12723
1
1.25531
0.706089
1.36236
1.41916
0.990387
1.48341
1.3685
1.00069
1.26261
1.25216
1.12443
1.38998
1.37079
1.08179
0.803094
1.54821
0.846569
1.46431
1.36684
1.27571
0.862167
1.41178
1.17651
1.39163
0.848546
1.21339
1.24988
0.821666
0.815682
1.16932
1.0705
1.62291
0.976197
1.34059
1.01881
1.32075
1.21777
1.46409
1.22343
1.18188
1.26598
1.27163
0.859135
1.19951
1.04062
1.11232
1.28162
1.28743
1.19478
1.37024
1.3512
1.31789
0.987219
1.01981
0.944954
0.906091
1.00034
1.48256
1.12595
1.06891
1.45762
1.0574
1.35272
1.33493
1.35853
1.13747
1.03857
0.88848
0.950999
1.41284
1.09518
1.32724
0.996123
0.884878
0.923784
1.04491
1.05807
1.37819
1.05774
1.30369
1.55836
1.29174
1.08893
0.845462
0.908507
0.933164
1.22031
1.44199
0.806518
1.21862
1.20371
1.31576
1.48693
1.26017
0.889962
0.608892
1.45494
1.55821
1.45871
0.505911
1.32584
1.44041
1.29956
1.25741
1.91698
1.25198
1.2055
1.30096
1.39837
1.21114
1.1825
1.48184
1.26388
1.46346
1.02426
1.55553
1.30013
1.22885
1.2581
1.38289
0.882728
1.4312
1.46014
1.13522
1.21753
1.45539
1.19329
1.38167
1.03922
1.18118
1.10937
1.52319
1.4243
1.25824
0.939117
1.31736
1.46572
1.45592
1.29261
1.14302
1.49872
1.00889
1.29839
0.862502
1.71008
1.30879
1.53864
1.63413
1.48587
1.28675
1.06161
1.03348
1.2448
1.52723
1.69731
1.03405
1.38076
1.69215
1.65289
1.02314
1.37163
1.63493
0.988776
1.08831
1.32503
1.35218
1.45191
1.18275
1.05868
1.32099
1.34835
1.23853
0.884268
0.940326
1.10209
1.18026
0.942528
0.9568
0.834357
1.7442
1.1134
1.02634
1.086
1.34335
1.19662
1.09174
1.35409
1.00222
1.26741
1.16465
1.39053
1.2843
1.38522
0.917308
1.13815
1.25325
1.16786
1.56831
1.13902
1.47548
1.39985
1.30912
1.16033
1.38381
1.59323
1.22396
1.12211
1.51442
0.982271
1.57195
1.51836
1.41451
1.24045
1.28189
0.974694
1.23692
1.25392
0.904792
1.17323
1.21335
0.980659
1.35123
0.719113
1.185
1.12013
1.17227
1.50741
0.762837
1.34164
0.851817
1.20111
1.01344
1.06778
1.3512
0.969256
1.552
1.05598
0.901342
1.31114
1.19319
1.22402
1.15197
1.01832
1.09408
1.61637
1.11082
0.921115
1.12926
1.02314
1.56063
1.47676
1.24471
1.03956
1.24695
1.11492
1.05359
1.34309
1.66606
0.944899
1.05725
1.06503
1.08376
1.64522
0.848789
1.47976
1.04905
0.979819
1.23729
1.48442
1.25068
1.23785
1.49639
1.33069
1.29745
1.12161
1.42026
1.27253
1.22367
0.714814
1.17631
1.04232
1.27829
0.824977
1.1821
0.843459
1.02267
1.01202
1.06656
1.22609
1.03308
0.872075
1.30773
1.58888
1.49742
1.02165
1.25873
1.22291
1.42861
1.54979
1.58491
0.804959
1.30223
1.37522
1.30724
1.2483
1.31495
1.35452
1.16261
1.21188
1.37239
1.36294
0.956683
1.24232
1.43834
1.1304
0.895356
0.887802
1.38084
1.10251
1.46031
1.23464
1.25663
1.26693
1.18598
1.13929
1.13823
1.26926
1.06115
1.07577
1.15013
1.18251
1.75303
1.29612
1.12311
1.08494
1.24602
0.882234
1.33502
1.16144
1.37363
1.33622
1.3166
1.49344
1.60549
1.20036
0.848278
0.905693
1.02678
1.29408
1.66032
1.21822
1.13827
1.71223
1.59325
1.72284
1.66214
1.70479
0.933619
1.34127
1.50122
1.34536
1.49847
1.8972
1.33259
1.38493
1.45748
1.63546
1.16812
1.5103
1.46574
1.41971
1.38515
1.35842
1.74138
1.48008
1.23338
1.46197
1.3788
0.843688
1.44069
1.39501
1.04153
1.51143
1.41196
1.23842
1.58951
1.21014
1.35182
1.38101
1.23001
1.45701
1.09363
0.971373
1.46897
1.52319
1.56668
1.16344
1.03245
1.36596
0.809558
1.25731
1.1014
1.4881
1.16361
1.5829
1.83266
1.53242
1.50895
1.13994
1.08231
1.17762
1.70871
1.75003
1.11844
1.60773
1.82622
1.7075
0.979143
1.09861
1.26068
1.43013
0.839544
1.52133
1.02744
1.35414
1.31618
1.12107
1.52285
0.992863
1.24606
1.02502
1.01763
1.10476
1.52532
1.29285
0.684678
1.32865
1.3868
1.60192
1.31265
1.4861
0.946525
1.15899
1.37171
1.27292
1.34641
1.62022
1.3795
0.988299
1.40781
1.41745
1.93264
0.892162
1.65088
1.21035
0.877805
1.52243
1.20502
1.61852
1.52876
1.37067
1.5003
1.43278
1.18389
1.67891
1.39789
1.23353
1.016
1.24359
0.932533
1.21014
0.965918
1.33374
0.494852
1.09238
1.13751
0.941144
0.901444
1.00323
1.49131
1.41753
1.52831
0.794535
1.44791
1.13637
1.22196
1.65913
1.01351
1.48146
1.3425
0.879373
1.08986
1.19188
1.2072
1.37887
1.46335
1.11254
1.76465
1.52428
1.58533
1.08141
1.60066
1.15745
1.15415
1.3291
1.5041
1.14286
1.56025
1.72896
1.14889
1.82292
1.81383
1.69375
1.25399
1.46439
1.28176
1.39314
1.38906
1.11843
1.64846
1.29127
1.09559
1.53788
1.42104
1.47688
1.51667
1.20239
1.36453
1.39158
0.883127
1.31044
1.22191
1.16301
1.38603
1.27073
1.17244
1.18532
1.27421
0.913203
0.894862
1.20787
1.10759
1.32361
1.20374
1.05081
1.48334
1.28904
1.04602
1.54148
1.33221
1.38354
1.07753
1.41864
1.26251
1.42349
1.08459
1.22319
1.32819
0.80477
1.62745
1.55258
1.47281
1.51302
1.63204
1.35904
0.72608
1.38703
1.86682
1.36283
1.05496
1.17706
1.36814
1.74095
1.12877
1.6096
1.372
1.62235
1.34263
1.46613
1.29845
1.45184
1.80507
1.46966
1.54094
1.34094
1.70052
1.3582
1.22566
0.861527
1.07775
1.29531
1.57737
0.932581
1.6054
1.20814
1.08719
1.32625
1.37126
1.53543
1.21651
1.27586
1.31296
1.13133
1.2042
1.74694
1.22492
1.10795
1.33546
1.07816
1.25335
0.984085
1.42385
1.19141
1.35598
0.77137
1.45916
1.19464
1.20459
1.08606
1.33572
0.863928
1.39402
1.47231
1.08508
0.896398
1.39014
1.06944
1.35612
0.778032
1.096
1.05054
1.62031
1.32114
1.31774
0.971966
1.348
1.44468
1.27882
1.28924
1.27829
1.47716
1.02184
1.27783
0.870697
1.80301
1.22648
1.3355
1.49837
1.32719
1.21872
0.998351
0.962903
1.38564
1.40056
1.54893
1.07892
1.16757
1.62506
1.51351
1.21867
1.14157
1.37353
1.37427
0.997298
1.01349
1.39079
1.36574
1.24382
1.49752
1.31349
1.41579
1.31269
1.1692
1.43286
1.32785
1.06397
1.44909
1.53045
1.05934
1.25216
1.42237
0.72185
0.880164
1.07656
1.48696
1.19782
1.33185
1.07838
1.20689
1.04996
1.08067
0.888342
1.15031
1.5388
1.29405
1.35147
0.527443
0.918769
1.43577
0.940015
1.28169
1.48882
1.14793
0.795977
0.944006
0.899272
1.12215
1.40718
1.28818
1.08606
1.40715
1.5321
1.30961
0.997937
1.43034
1.70223
1.18045
1.5658
1.22852
1.17117
1.23186
0.921695
1.67162
1.01396
0.880483
1.3179
1.17602
1.07685
1.11263
1.39818
1.22354
1.42923
1.35493
1.74175
1.11253
1.21229
0.797262
1.25005
1.08219
1.39077
0.903889
1.38822
1.55184
1.09448
1.61898
1.59929
1.54364
0.651835
1.36374
1.13294
1.13747
1.63223
1.1478
1.20516
1.27143
0.92067
1.12712
1.4136
1.34144
1.39679
0.99064
1.03172
1.04343
1.08474
1.40981
0.798908
1.08794
1.0788
0.999605
1.10276
1.09041
1.07997
1.19945
0.648801
1.36851
1.33905
1.26666
1.10041
0.880842
1.36681
1.26325
1.04628
1.22042
1.2015
1.52267
0.882788
1.3651
1.24933
1.05854
0.824679
1.24391
1.24713
1.49383
1.39487
0.998204
0.973693
1.25068
1.31786
1.16962
1.17147
0.930371
1.11089
1.20582
1.44626
1.07192
1.39047
1.74987
0.900895
1.26768
1.29041
1.03015
1.40411
1.25177
0.857473
1.60198
1.51851
1.14943
1.13417
1.46472
0.885227
1.30625
1.50423
0.890924
1.50163
1.66594
1.23138
1.24895
1.31886
1.58674
1.45634
1.55646
1.52891
1.06259
1.47061
1.46548
0.924906
1.08831
1.19696
1.12958
1.56508
1.12386
1.08482
1.64127
1.00475
1.71982
1.41706
1.55952
1.56994
1.24391
1.43248
1.19667
1.32342
1.77152
1.57727
1.16283
1.39374
1.50585
1.86238
1.2021
1.62399
1.17504
1.2383
1.05889
1.38857
1.56407
1.38338
1.54394
1.44943
1.27596
1.16745
1.79213
1.27998
1.38966
1.14136
0.988766
1.21978
1.56239
1.01673
1.26413
1.06132
0.964693
0.779863
1.59174
0.855295
1.05203
1.27751
1.35468
1.57047
1.38036
1.18669
1.39472
1.43361
1.22822
1.11527
1.5731
1.24853
1.51158
1.45598
1.68123
0.965081
1.73403
1.28142
1.52109
1.45717
1.53913
0.745793
1.64175
1.70988
1.65532
1.55639
1.72967
1.42106
1.14863
1.21986
1.83471
1.77886
1.70086
0.776713
1.44658
1.36784
1.13305
1.42943
1.37104
2.04353
1.57634
1.31239
0.801324
1.26031
1.14706
1.52032
1.50318
1.30106
1.47552
1.47341
1.24282
1.40925
1.48347
1.40535
1.19975
1.08901
1.26422
1.06351
1.2587
1.32174
1.43634
0.915703
1.28728
1.09883
1.3913
0.52552
1.16795
1.4093
1.11923
0.987566
1.03307
1.63256
1.08616
1.24611
0.93844
1.22393
0.911743
1.45288
0.822666
0.809201
1.20925
0.870512
1.06007
1.50056
1.40753
1.68242
1.19846
0.935436
1.10669
1.20541
0.93132
1.17266
1.61972
1.52716
1.32919
0.831249
1.05497
1.43497
1.42414
1.0168
1.06928
1.00471
1.36398
1.414
1.23991
1.06418
1.74109
1.39704
1.09863
1.12577
0.807086
0.958485
1.30105
0.776861
1.36558
0.886825
1.31523
1.17146
1.03121
1.35962
1.08593
1.10637
1.15103
1.48969
0.961249
1.04801
0.925509
1.34486
1.03729
1.11326
1.29574
1.191
1.30136
0.998604
1.2392
1.21706
1.4628
1.15609
1.31167
1.09123
0.895306
1.15939
1.21606
1.1694
1.42532
1.40546
1.10135
1.08694
0.908078
0.708965
1.44133
1.0155
0.964065
1.04754
1.37784
0.997673
1.11151
1.0164
1.38012
0.83995
1.57387
1.32173
0.965875
1.38528
1.13857
1.81325
1.1224
1.26645
1.21919
1.39454
0.847122
1.19939
1.47721
1.39862
1.49688
1.28409
1.38965
1.39555
1.47099
0.894305
1.49341
1.12564
1.04627
1.31317
1.62224
1.15266
1.56622
1.67489
1.09972
1.38938
1.58396
0.90648
1.46296
1.57243
1.06508
1.72592
1.51774
1.58062
1.47619
1.53859
1.23099
1.22126
1.50673
1.09852
1.40378
1.74276
1.53213
1.36454
1.24365
1.57094
1.65961
1.39369
1.27132
1.32616
1.04005
1.52033
0.921643
1.41296
0.976894
1.55535
1.34026
1.31976
1.0571
1.14085
1.5682
1.15355
1.14357
1.22058
0.930657
1.2565
1.15244
1.19707
1.07213
1.81952
0.946368
1.5457
1.41688
1.25542
1.7185
1.18715
1.41113
1.60225
1.15532
1.17806
1.22752
1.51436
1.95719
1.29537
0.85176
1.21951
1.34361
1.48527
0.914483
1.25139
1.34139
1.17585
1.27917
1.2896
0.757441
1.52049
1.16997
1.15526
1.22002
0.82639
1.11025
1.24224
1.30218
1.47871
1.01084
1.62663
0.812573
1.26065
1.21695
1.23339
1.12428
1.43751
0.697017
1.39768
1.52915
1.24583
1.49334
1.53225
1.24575
0.993433
1.13978
1.2058
1.37567
1.23322
1.14119
1.20043
0.882054
0.870121
1.05983
1.0703
1.41708
1.37674
0.982722
1.1465
1.25246
0.805361
1.45155
1.10769
0.965699
0.763019
1.32482
1.02022
0.868072
1.42577
1.11179
0.880451
1.41295
0.917043
1.41007
0.998569
1.00947
1.23254
1.20049
1.10602
0.974299
1.50498
1.33935
1.501
1.44346
1.12107
1.28495
1.52548
1.28857
1.03986
1.28787
1.28101
1.67285
1.3858
1.42609
1.43759
1.54149
1.3247
1.07648
1.63944
1.22725
1.50101
1.55769
1.35229
1.35349
1.74499
1.55246
1.38043
1.35063
1.07705
1.00408
1.31836
0.885881
1.43507
1.3202
1.35491
1.32107
1.0575
1.2989
1.4252
1.32787
1.74105
1.38978
0.919279
1.49129
1.30296
1.48806
1.45011
1.32789
1.03023
0.493344
0.99582
1.44418
1.43072
1.52842
1.34571
1.04104
1.27283
1.41057
1.60702
1.05757
1.43048
0.96628
0.895176
1.026
1.46542
1.49952
1.32227
1.17166
1.30242
0.911045
1.27462
1.30933
1.03939
1.27619
1.3808
1.11108
1.05107
1.42911
0.824258
1.24698
0.951367
0.924073
0.969364
1.25459
0.927274
1.07565
1.37574
0.957425
1.26263
0.885759
1.09401
1.45253
0.725422
1.23323
1.1778
1.54661
1.29268
1.38071
0.868654
1.26601
1.11149
1.29482
1.18185
1.10754
1.49241
0.918379
1.39128
1.51378
1.37599
1.42654
1.18285
1.39145
1.17458
0.994821
1.23489
1.00514
1.57261
1.73096
1.4094
1.03477
1.16384
1.05588
1.45582
1.07246
0.979484
0.727564
1.22031
1.03041
1.20534
1.00985
1.29228
1.1021
1.60754
1.60467
1.58519
1.25297
1.802
1.03508
1.42924
1.36794
1.69595
1.40322
1.44721
0.864316
1.59776
1.93864
1.40267
1.67817
1.82642
1.29871
1.20962
1.11905
1.54323
1.83292
1.93629
0.969393
1.11882
1.26601
1.36044
1.08215
1.69734
1.61439
1.53554
1.21546
1.17814
1.48171
1.38378
1.59768
1.19571
1.23483
1.4685
1.60126
1.64285
1.40433
1.62578
1.79189
1.445
1.45443
1.01401
1.16588
1.02377
1.35419
1.03338
1.5224
1.60628
1.08992
0.744711
1.25748
1.07707
1.01914
1.13672
0.829358
0.735718
1.62317
1.26525
1.38313
1.32928
1.49185
1.18768
1.30989
1.30181
1.29748
1.42342
1.17519
0.974913
1.40865
1.91901
1.25945
1.04935
1.2151
1.07852
1.41925
1.24821
1.09412
1.33039
1.46879
1.22503
1.08353
1.13652
1.54788
1.3207
1.457
1.35539
1.49458
1.29368
1.7125
1.06399
0.957457
1.45379
1.38661
1.40462
1.81914
1.38395
1.22006
1.33688
1.47257
1.78721
1.19146
1.48398
1.34422
1.08272
1.32573
1.14405
1.70791
1.37764
1.4865
1.62844
1.35721
1.37431
1.48391
1.47824
1.34946
1.1867
1.25648
0.555157
1.53736
0.886167
1.45581
0.815429
1.19961
1.13337
1.23022
0.816112
1.28469
1.31074
1.29179
1.22116
1.05902
1.16307
1.76494
1.25219
1.30317
1.26575
1.21334
0.761925
1.40767
0.793452
0.644841
1.50553
1.07969
1.38768
1.61944
1.47498
1.72659
1.39947
1.30135
1.35799
1.36516
1.2143
1.20166
1.65588
1.79096
1.58733
1.07424
1.2812
1.53782
1.47192
1.12462
1.11463
1.16703
1.40748
1.4778
1.48517
0.856222
1.82717
1.56781
1.66344
1.30157
1.26854
1.48037
1.46198
1.19054
1.10753
1.16436
1.75198
1.38172
1.13235
1.11038
1.36271
1.30611
1.07083
1.32291
1.24537
1.59461
1.14673
1.49229
1.0549
1.08242
1.54296
1.14168
1.23336
1.30818
1.41979
1.15894
1.24703
1.15314
0.991393
1.3985
1.50872
0.710481
1.18534
1.34324
1.03084
1.13837
1.55223
1.52013
1.24207
1.42764
1.32839
1.50073
1.57204
1.20468
1.19051
1.58313
1.12543
1.17984
1.33201
1.13273
1.04855
1.52489
1.75979
1.20526
1.51727
1.75621
1.37822
1.31143
1.62547
1.27338
1.55957
1.49181
1.19401
1.66321
1.78617
1.51479
1.44059
1.77142
1.41832
1.26941
1.42182
1.25634
1.76443
1.85581
1.77128
1.47482
1.17002
1.81611
1.83282
1.41443
1.12252
1.49754
1.37629
1.59775
0.731976
1.30383
1.50215
1.39985
1.47762
1.4906
1.27222
1.17263
1.12611
1.61431
1.59963
1.62711
0.859588
1.45328
1.05543
0.875371
1.25912
1.20445
1.7082
1.55905
1.4083
1.14396
1.49607
1.16212
1.41881
1.07499
1.05239
1.00205
1.45715
1.37668
1.34023
1.20553
1.39796
1.33717
1.17114
1.47769
0.632924
1.21211
1.26653
0.841181
1.20241
1.06435
1.10754
1.01043
1.26881
1.08268
1.16489
0.973119
1.33469
1.5447
1.52739
0.865876
1.15889
1.16108
0.593333
1.11581
1.22182
1.52431
0.96839
1.17038
1.47735
1.38789
1.59138
0.773113
1.08296
1.11664
1.52847
1.48648
1.1621
1.13754
1.83949
1.38318
1.12556
1.01643
1.54105
1.15658
1.36287
1.23019
1.18203
1.42804
1.38188
1.3632
0.856732
1.19725
1.18405
1.03551
1.6708
1.23739
1.27695
1.1454
0.971772
1.20092
1.34462
1.40185
1.10833
1.23096
1.18401
1.26158
1.37648
1.15479
0.826438
0.971711
1.11645
1.07272
1.37867
1.27636
0.802892
1.39247
1.17614
1.13642
1.59553
1.5117
1.63127
1.64382
1.13844
1.50732
1.65453
1.63924
1.28682
1.37732
0.90676
0.935063
1.168
1.42278
1.6037
1.32286
1.26001
1.35866
1.13771
1.21331
1.27043
1.06865
1.47914
1.5977
1.27587
0.967153
1.4931
0.963641
1.38946
1.10393
1.25673
0.915847
1.50027
0.918369
1.27769
1.08632
1.12706
1.04498
1.13784
1.02725
1.12208
1.13693
1.0099
1.0412
0.897618
0.83888
1.31601
1.17193
1.38657
0.749737
0.880102
1.04791
0.73313
0.952765
1.30383
1.09606
0.570263
1.01602
1.27526
1.0331
1.39327
0.969386
0.93427
1.20064
1.46866
1.23001
0.978259
1.14674
1.58963
1.10947
1.36854
1.47211
1.27251
1.04173
0.991987
1.11032
1.61599
1.3097
1.34307
1.23757
1.62551
1.27337
1.30617
1.14689
1.34129
1.71724
1.25529
1.38096
1.31891
1.74039
1.14554
1.09179
1.05328
1.1065
1.28105
1.41495
1.07573
1.6951
1.46961
1.33467
1.15703
1.31457
1.66637
1.34623
1.28662
1.47221
1.48168
1.38425
1.44571
1.07411
0.89739
0.929964
1.52863
1.59785
1.5554
0.853457
0.987381
0.960913
0.822853
0.963766
1.1612
1.7593
1.4288
1.02436
0.695576
1.09576
0.987333
1.57388
1.0564
1.14987
0.972352
1.46156
1.17547
1.09738
1.3541
1.44673
0.993226
1.42835
1.408
1.3254
1.13973
1.5386
1.40937
1.26504
1.45111
1.52869
1.75808
1.30966
1.39827
1.42292
0.991435
0.972411
1.07598
1.66829
1.937
1.26734
1.16505
1.77645
1.53129
1.73058
0.873814
1.44492
1.32994
1.75668
1.70099
1.33459
1.16628
1.8464
1.58662
1.46951
0.857816
0.604347
1.48333
1.3012
1.40309
1.51792
1.46517
1.35643
1.64745
1.37432
1.20283
1.5097
1.4556
1.14188
1.68408
1.5984
1.56807
1.30303
1.20414
1.41054
1.41104
1.3642
1.15728
1.30271
1.53737
1.41143
1.42622
0.9513
1.74382
1.51631
1.34396
1.40575
1.68156
1.16315
1.49458
0.726715
1.21716
1.29522
1.42421
1.38899
1.35938
1.44495
1.21611
1.33739
0.712119
1.53414
1.0973
1.40401
1.44752
1.11671
1.09101
1.13188
0.697048
1.44921
1.09903
1.24469
1.18327
1.07586
1.37215
1.23922
0.51046
1.48566
1.23709
1.26
1.41847
1.42096
1.31649
1.39429
1.2332
1.29958
1.54793
1.12776
0.945899
1.50056
1.74398
1.36889
1.05606
1.26833
1.41676
1.24732
1.46094
0.998341
1.35494
1.41165
1.37307
1.15498
1.27024
1.68416
1.59429
1.57496
1.30718
1.35471
1.46079
1.395
1.44853
1.49388
1.33078
1.32317
1.50247
1.21838
1.02506
1.5455
1.85047
1.50233
1.1789
1.32499
1.51187
1.38605
1.28813
1.17563
1.30205
1.51389
1.51073
1.26263
1.06771
1.77414
1.62682
1.48349
0.608658
1.56238
1.97624
1.55425
1.49624
0.8837
0.627555
1.29181
1.10588
1.34918
1.91538
0.933287
1.16046
1.34384
1.63258
1.3427
1.75169
1.39938
1.27008
1.37845
2.02236
1.68834
1.4815
1.66069
2.02891
1.61889
1.36945
1.21313
1.054
1.56679
1.25859
1.03913
1.30026
1.00236
0.956058
1.19839
1.37904
1.44078
1.03207
0.800258
0.847557
1.1616
1.40435
0.98992
0.936062
0.866474
0.819385
0.893646
1.04772
1.09017
1.28208
0.758472
1.35554
1.68473
1.46531
1.04328
0.888905
0.605338
1.16725
0.921749
1.19681
1.66895
1.06947
0.994037
1.10672
1.47649
1.27847
1.37388
1.19409
1.13712
1.34995
1.77564
1.63958
1.1312
1.48385
1.75711
1.52681
1.00406
1.23836
1.58918
1.23018
1.21203
1.42144
1.06095
1.32063
0.602433
1.30355
0.880765
1.51115
1.47988
1.27267
1.17089
1.15799
0.904555
1.35274
1.22845
1.38367
0.885917
1.38276
1.39052
1.25662
1.60222
1.5563
1.6634
1.5993
1.33561
1.35434
1.32064
1.06298
1.71163
1.39488
1.48439
1.43629
1.61726
1.12124
1.24895
1.16072
1.17514
0.728231
1.38217
0.971878
1.27036
1.0732
1.30941
1.695
1.56312
1.17171
1.59584
1.56322
0.981755
1.52731
1.50454
1.20594
1.53176
1.47633
0.833293
1.37072
1.80188
1.05059
1.51954
1.61403
1.04661
1.09658
1.64694
1.26839
1.31173
1.4448
1.27838
1.16801
1.25768
1.34558
1.68241
1.70169
1.29441
0.91844
1.36785
1.27336
1.18227
1.21587
1.20857
1.46335
1.39967
1.50968
1.15877
1.33338
1.35707
1.39477
0.945582
1.33649
0.682896
1.3605
1.54621
1.19422
0.815201
0.998246
1.15513
1.26971
1.67403
1.13887
1.16425
1.2784
1.66402
1.44396
1.17668
1.49928
1.9183
1.27668
1.17262
1.08205
1.14456
1.51937
0.885486
1.04785
1.27839
1.3424
1.0334
1.33871
1.18318
0.94659
1.12001
1.67701
1.42617
1.09314
1.38699
1.59026
1.33995
1.02204
0.957813
1.73683
1.48321
1.07099
1.01735
1.52519
1.19536
1.64054
0.914249
1.2397
0.840896
1.43967
1.24852
1.17759
1.21241
1.35876
1.07097
1.06332
1.32487
1.44126
0.7405
0.936498
1.40692
1.32679
1.54978
0.90796
1.06482
1.03364
1.46743
1.4148
0.938443
1.40407
1.70966
1.3015
1.60568
1.60834
1.08142
1.03843
1.47524
1.05312
1.42592
1.36777
1.01358
1.0093
1.43874
1.03487
0.957556
1.31789
1.294
1.26341
1.6934
1.34375
1.74766
1.6346
1.55655
1.12148
1.31428
0.990131
1.51963
1.16368
1.60941
1.13036
1.4732
1.49322
1.55276
1.20194
1.62258
1.5656
1.39015
1.48942
1.53269
1.17665
1.53881
1.74904
1.61623
1.48848
1.64624
1.78165
1.48545
0.976323
1.28195
0.923071
1.47984
1.16771
1.03999
1.29118
1.44069
1.12796
0.829909
1.48013
1.44579
0.941748
0.949023
1.08588
1.50163
1.16516
1.16252
1.22978
1.31781
1.07094
1.08969
1.20943
1.48538
1.01339
1.12829
1.43193
1.41628
1.19874
1.35602
1.16244
1.01908
1.16833
1.30831
1.41157
0.890303
1.43804
1.40895
0.940288
1.30391
1.43008
0.71899
1.08959
1.35409
1.17232
0.767387
1.49966
0.859634
1.60766
1.05407
1.52551
1.13037
1.2801
1.16091
1.58087
1.17479
1.05398
1.38158
1.5591
1.24594
0.879139
1.66097
1.25999
1.09332
0.991014
1.01237
0.986433
1.07102
1.19523
1.15622
1.27379
1.17766
1.0771
1.32522
1.36378
1.14634
1.08514
1.13564
1.22469
0.927781
1.11382
1.13509
1.39018
1.01061
0.624702
1.48486
1.02298
1.06335
1.55245
1.31291
1.07238
0.0000