9.82549
9.22245
9.10874
8.77401
9.1696
8.87166
8.58556
9.24132
9.07382
8.86073
9.0954
8.88807
9.1354
9.10391
8.93471
9.03638
9.106
8.89427
9.39176
8.80515
8.83272
9.12777
9.05127
9.13384
8.77632
9.05876
9.15146
9.02643
8.96078
9.25204
9.08233
8.9401
9.0436
9.149
9.23407
9.04288
9.10088
8.69099
9.17533
9.154
8.68517
9.01705
9.08613
8.75656
9.03959
8.6156
8.74172
9.30934
9.1535
8.8648
9.02493
8.61915
8.85208
9.35012
9.30681
8.96334
9.27499
9.10638
9.18323
9.00938
9.04413
9.41307
8.76025
8.93671
9.03138
9.51246
8.88415
9.13542
8.94847
8.74305
8.75312
9.10825
9.08282
9.43583
8.92158
9.02526
8.81768
8.88148
9.39383
8.65565
9.18414
9.46498
9.17563
9.32858
9.05209
8.85614
8.93991
9.52909
9.16175
9.43729
9.15014
8.90368
9.06549
9.35708
8.75656
9.14659
9.28731
9.25239
9.27527
8.76808
9.31519
9.06532
9.22703
8.98463
9.05567
9.76637
9.41877
9.52283
9.37356
9.5002
9.25138
9.39833
9.19815
9.48835
9.27981
9.39534
9.73242
9.47407
9.28439
9.34995
9.46773
9.44646
9.76512
9.10367
9.25453
9.09828
9.16008
9.48486
9.28282
8.97395
9.32862
9.36789
9.26515
9.88346
9.29443
9.33832
9.21598
9.00118
9.25972
9.51226
9.35935
9.38943
9.17733
9.16828
8.75633
9.42746
9.28781
9.24959
9.52282
9.15516
9.49506
9.44261
9.53902
9.7368
8.93844
9.4453
9.23793
9.00027
9.48441
9.15021
9.28487
9.93604
9.41965
8.85268
9.32145
9.07613
9.16922
9.36728
9.44277
9.72976
9.40005
9.30268
9.17172
9.42994
9.43094
9.41083
8.81971
9.18262
9.54246
9.46419
9.39878
9.05329
9.67875
8.87741
8.988
9.52032
9.17654
9.41896
9.08703
9.11839
9.23498
9.56361
9.45944
9.2371
9.14615
8.97536
9.30117
9.18193
8.80089
8.95739
8.77465
9.32627
9.30414
8.83289
8.98553
9.14053
8.84251
8.91041
9.09159
8.73411
9.15124
9.2836
9.24779
9.24543
9.46386
9.02043
9.31407
9.15013
9.39991
9.1572
8.93364
8.97733
8.64536
9.24453
9.01328
9.28088
9.20041
8.80057
9.20194
9.11424
9.33768
8.79462
8.88187
9.2705
8.93112
9.24442
9.09325
9.52349
9.13463
9.42109
9.28693
8.95485
8.74551
9.17656
9.02999
9.25057
9.24945
9.0079
9.15623
8.90813
9.14699
9.41538
9.64239
8.9634
8.96911
9.34365
9.07469
9.01769
9.68134
9.20432
9.35907
9.1998
9.44222
9.4719
9.443
8.90408
8.6975
9.42752
9.22414
9.08203
9.53738
8.98806
9.15492
9.09813
8.83677
9.51114
9.16896
9.31
9.37588
9.42063
8.98673
9.10882
9.43499
9.1213
9.32283
9.12166
9.09234
9.04586
9.42831
8.94635
9.23683
8.94335
8.6937
9.12395
8.97626
8.94318
9.13955
9.06553
9.16219
8.94343
9.49636
9.22157
9.09534
9.34068
8.84619
8.98962
9.06949
9.00978
8.98861
9.21276
9.50924
9.08242
9.01731
9.07901
9.57407
8.87546
9.07574
9.30108
8.98611
9.06023
9.23578
9.02277
9.14989
9.30916
8.98571
9.0093
9.04361
9.17726
9.1796
9.04823
9.22393
8.70498
9.13739
9.49085
9.76214
9.27316
8.88993
9.04389
9.40867
9.20113
8.88005
8.97746
9.11118
8.8317
9.68409
8.75699
9.14407
8.88607
9.20397
9.157
9.04178
9.29219
9.44462
9.04295
9.06948
9.21461
8.99915
8.85728
9.06764
9.0062
9.05679
9.18197
8.92969
9.27021
8.93983
8.49456
9.15955
9.53463
8.63087
8.57276
8.90746
9.35268
9.17077
9.6333
9.23864
9.27813
8.8345
8.94263
9.38738
9.30274
9.13751
8.9037
8.7503
9.6056
9.79568
9.35978
9.02375
9.25883
9.01494
9.11825
8.61871
8.88252
8.4963
8.91326
9.46976
9.31724
8.91841
9.19781
8.8446
9.27359
8.96904
9.07732
9.38909
9.01559
9.37935
8.842
8.75386
8.7666
9.21504
8.96321
8.61206
8.95324
9.31644
8.82388
9.23597
9.2936
8.90811
8.86924
8.87001
9.45437
9.1351
9.1904
8.98054
8.85311
8.97829
9.1071
9.00349
8.82625
9.38955
8.91575
9.04835
9.28949
8.57569
8.68258
8.91322
8.8518
9.07889
8.91315
9.06696
8.94582
9.02283
8.8398
9.18213
8.96802
8.99811
8.97236
9.19483
9.32718
9.07447
9.28438
8.39763
9.47245
8.97293
9.00834
9.13068
9.08296
8.66669
9.2498
9.35407
8.82886
9.38848
9.50039
8.90374
8.85487
9.0354
8.6464
9.75812
9.20271
9.19819
9.22196
9.10858
8.88143
8.99715
9.33126
8.87859
9.51705
8.99418
9.34926
9.28244
9.11393
9.02817
9.27342
9.54439
9.2803
9.40499
8.62678
9.21764
8.9084
9.26586
9.25664
9.23149
9.17846
9.31449
8.85107
9.12574
9.12141
9.03773
9.2013
9.25159
8.93915
9.21646
9.09725
9.08445
8.75343
8.51048
9.12518
9.03153
8.68877
8.90514
9.08746
9.25404
9.11241
9.15903
8.95179
8.87795
9.37186
9.02089
8.96338
8.7732
9.06471
8.88525
9.10134
9.23313
8.98454
9.07639
9.0155
8.35895
8.98419
9.04755
9.05541
8.97009
8.79001
9.01344
9.01787
8.65668
8.48011
9.19458
8.92215
8.68665
8.10042
8.76649
9.14453
9.0975
9.20221
9.01222
9.27336
9.04445
9.19912
8.74035
9.06982
8.65006
9.0232
9.25731
9.36395
8.71572
8.82913
8.87401
9.27565
9.10106
8.70059
9.66636
9.37314
9.40973
9.00313
9.10556
8.91737
8.87053
8.88059
8.99519
8.97361
8.97185
9.33796
9.29807
9.29087
8.86499
9.34892
9.47284
8.94335
9.24428
8.50768
8.85942
8.89852
9.14775
9.10905
8.59157
9.08328
8.72988
8.56303
8.86745
8.80752
9.15847
9.18069
9.13028
8.59419
8.7711
8.92902
8.88876
8.75463
8.87354
9.04571
8.83316
8.77484
8.7511
9.1394
8.86146
8.90598
8.82166
9.11755
8.98092
9.36843
8.95071
8.64131
8.42309
9.22882
8.82195
9.13548
8.46289
8.78102
8.94254
8.59342
9.14079
8.56278
8.76485
8.98726
8.59362
8.97793
9.13588
8.78815
8.70089
9.35604
9.29462
8.94079
8.80348
8.7869
9.07369
8.80041
8.94186
8.83742
9.05806
9.21405
9.21235
8.8963
9.01677
8.84568
9.13224
8.91619
8.97437
8.87845
9.18728
8.77005
9.02949
8.68934
8.68154
9.08898
9.4681
8.75983
9.1257
9.10739
9.0519
8.7126
8.93086
8.76462
8.92403
8.80549
8.64422
9.16675
8.89324
8.66252
8.6541
9.16305
8.878
8.69128
9.5664
9.29116
9.09056
9.09952
8.46917
8.71417
9.34443
8.87113
9.17582
8.60067
8.86529
9.48843
9.19165
8.59847
9.07959
9.1459
9.02819
8.71446
8.91297
9.30546
8.88732
9.05542
8.92749
8.4304
8.7439
9.28249
9.40667
8.78423
9.21118
9.12882
8.71161
8.57391
8.85446
8.90697
9.41701
8.88043
9.15938
8.51923
8.65366
8.4438
9.019
9.00111
9.03553
9.24831
9.26477
8.47871
9.26496
8.75178
8.89678
9.04993
9.03835
8.95589
8.87797
8.79861
8.79402
9.06517
9.00279
8.75989
9.04235
8.80853
9.00325
9.02155
9.01041
8.70489
9.56449
8.799
9.24769
9.05301
9.66206
9.22243
8.83604
8.74983
8.97146
8.82912
9.10789
9.1969
9.25457
9.1162
8.94179
8.94272
9.08709
9.05232
9.03373
8.84575
8.70641
8.97622
9.1601
8.57261
8.89292
8.89592
9.09264
8.77825
9.18079
9.72327
9.20779
9.25073
9.4805
9.51954
9.02773
9.19967
9.19074
8.87265
9.20822
8.89989
9.24965
8.96765
9.14655
9.07818
8.76476
9.36322
9.23461
9.11703
8.92936
8.94125
9.06782
9.26674
8.88639
8.81073
9.27584
9.41581
9.19526
8.96681
9.53933
9.27434
9.4918
9.14576
9.43823
9.19875
8.67783
9.28491
9.15357
9.14429
8.90535
8.92101
9.01553
8.99615
8.85672
9.41622
9.42077
9.00353
8.98167
9.44127
8.9267
9.29185
9.38299
9.24855
9.30871
9.26104
9.19605
9.36108
9.03717
9.21105
9.429
9.01613
9.35819
9.48417
9.0601
9.15331
9.20395
8.80831
9.20172
9.42333
9.23201
9.09296
9.42774
9.19185
8.99111
9.76935
9.18959
9.09598
9.36992
9.31405
9.47407
9.07017
9.31949
9.44026
9.42205
9.18185
9.00095
9.15252
9.47972
9.28062
9.61168
9.22872
9.23804
9.29765
9.34794
8.95523
9.13812
9.04019
9.35572
8.99961
9.18959
9.01318
9.13974
9.24616
9.1646
9.11036
9.41443
8.91
9.32671
9.02562
9.02982
9.26153
9.55773
8.75999
8.64105
8.92646
9.06815
9.1369
9.2454
9.0919
9.32118
8.78125
9.02372
9.03956
9.35412
9.01016
9.66487
8.81617
8.82934
9.18891
9.14783
9.05717
9.45664
9.31361
9.36516
9.12448
9.1814
8.79272
8.9426
9.30018
9.10704
8.85236
9.12097
9.14544
9.04852
9.10074
9.0555
9.02623
8.92869
9.25506
8.70075
9.19595
9.38914
8.78902
9.36923
8.96536
9.02117
8.96815
9.12263
9.6008
9.17993
9.44037
9.48672
9.35433
9.28361
9.10474
9.05593
8.80945
8.67356
9.2915
9.22923
9.32523
9.10165
9.44332
9.60484
9.07529
9.39218
8.97232
8.75854
8.78118
9.23432
8.75912
8.79727
9.35023
9.3567
9.09832
9.35839
9.37249
9.27541
9.18341
9.39579
8.65338
9.41794
9.34744
9.37145
8.85781
8.75209
9.43456
9.05585
9.38565
9.32647
9.16437
8.80024
9.06636
8.85503
9.44078
9.27081
9.50766
9.09399
9.20833
9.24567
8.68406
9.55913
9.40519
9.2743
9.25241
8.96858
9.33429
9.35687
9.27914
9.23527
9.37702
9.53693
9.21386
9.17743
9.38517
9.5037
9.3605
9.40766
9.24114
9.0294
9.36806
9.1672
9.32397
9.3244
9.35846
9.77591
9.00299
9.29921
9.20632
9.52883
8.76503
9.13344
9.43225
9.20945
9.4324
9.39482
9.21332
9.26226
9.20823
8.76896
9.37793
9.29906
9.27119
9.41993
9.62089
9.01691
8.95602
9.10154
9.02614
9.23178
9.77973
9.37813
9.40343
9.49151
9.16938
9.44703
9.34434
9.3519
9.40444
8.98438
9.22331
9.19785
9.30063
9.65685
8.84961
9.16219
9.07522
9.06443
9.08238
9.15692
9.15746
9.06898
9.06527
8.78446
9.13276
9.06399
9.00028
9.22242
9.09646
9.0425
9.12104
9.09
9.17421
9.19801
9.2814
8.81141
8.96876
8.91859
9.0199
9.16458
9.33897
9.21308
9.16495
8.93521
8.64642
9.28163
9.01057
8.58946
9.06195
9.31844
9.01157
8.89896
8.78825
9.09358
9.2872
9.31942
9.2802
9.16355
9.00938
9.11258
9.06458
8.8923
9.28712
9.46516
9.13261
9.24558
9.15675
9.11371
8.65896
9.41022
9.21057
9.03217
9.21843
9.37604
9.16196
9.18871
9.22663
8.64457
9.4782
9.0409
8.58248
9.36035
9.08305
9.12372
9.18238
8.99265
9.06854
9.32584
9.1072
9.00405
8.69293
9.22102
8.9624
9.08505
9.60504
9.58828
9.56906
9.43643
9.36102
9.0484
9.47303
9.79261
8.93285
9.38449
8.90224
8.98894
8.75658
9.14512
9.12955
8.77478
8.7101
9.26222
8.84916
9.30381
9.2147
9.23728
9.28039
9.0771
8.74101
9.18041
9.188
9.30453
9.21291
8.74044
8.71567
9.16687
8.68098
9.19116
9.1629
9.13774
9.21952
9.01997
8.94845
9.09102
8.94846
8.96198
9.24977
8.9206
9.71057
9.23358
9.23292
9.18224
9.40527
9.0126
8.9243
9.24696
9.27733
8.78508
9.11888
9.1774
9.42726
8.90365
8.68484
9.29025
8.90204
8.93668
9.25256
8.8393
9.17598
9.17471
9.29908
9.05439
8.76466
8.85351
9.08044
8.91815
9.407
9.06437
9.48252
9.30778
9.37975
9.2195
9.16795
9.07608
9.42457
9.00428
9.21389
9.25139
9.82732
8.84234
9.35243
9.36917
9.1769
9.11411
9.19372
9.05061
9.47944
9.33393
9.29941
9.31381
9.08005
9.28244
9.29276
9.22783
9.57055
8.88291
9.10423
9.05263
9.07123
8.80268
9.34558
8.92393
9.1268
9.19347
9.13658
9.13001
8.86788
9.11876
8.64595
9.42665
9.23993
9.22884
9.37791
9.1215
9.28724
9.11764
9.14582
9.37729
9.09631
8.91385
8.85208
9.25858
9.29981
8.97798
9.46975
9.237
9.33388
9.4294
8.91654
8.73196
9.18415
9.06615
9.26744
8.86107
9.30607
9.47805
8.90871
9.06074
9.32726
8.98683
9.6759
8.9969
9.4225
9.2914
9.38006
9.07103
9.32283
9.39106
9.12661
8.9633
8.74915
9.54501
9.21607
8.9036
9.13015
8.89149
8.8754
8.90909
9.36518
9.01421
9.4171
9.3196
8.99713
9.21059
9.31605
9.413
9.19377
9.11338
9.25232
9.21538
8.96672
9.47839
9.21209
9.01222
9.32351
9.04316
9.18981
9.19673
8.89729
9.18872
9.01134
8.80456
9.58128
9.20946
9.13448
9.49117
9.30831
8.91324
8.86115
9.28551
9.14858
9.31163
8.93057
9.28275
9.04184
8.95765
8.8671
8.70057
9.17424
9.46978
9.49841
9.14797
8.91405
9.26668
9.11949
9.20965
9.30075
9.34653
9.04713
9.0509
9.32773
8.60965
9.21299
9.07153
9.14237
9.22867
9.08939
9.39425
9.05995
8.97833
9.23137
9.31356
9.10311
9.18542
9.00568
8.90399
8.87742
9.24896
9.30563
9.15692
8.88115
9.38731
9.20838
9.49101
9.31368
9.00173
9.33945
9.15828
9.42516
9.14508
9.03881
8.95789
9.13528
9.577
9.32608
9.24149
8.98993
9.21554
9.15844
9.70384
9.00051
9.39612
9.25652
9.46345
8.99987
8.96377
9.35709
8.55287
8.81809
8.92591
9.1424
8.8186
8.8518
9.28335
8.60068
9.05669
8.89219
8.95641
8.86486
9.08103
8.9439
8.8036
9.0169
8.74181
9.11608
9.44741
9.07759
8.7414
8.90268
9.38017
9.05842
9.13279
9.197
9.19513
9.33362
9.23708
8.9006
8.85369
8.84229
8.90053
9.02613
8.83924
9.01764
8.98488
9.07174
9.20227
9.02726
8.90098
8.90329
8.96781
9.07519
8.86525
8.76468
9.33744
9.70163
9.2213
8.82106
8.96869
8.68025
9.08217
8.81889
8.94966
9.18954
8.74043
9.08534
9.03502
9.00314
8.63411
8.89691
8.87622
9.04283
9.32486
9.04106
9.07309
9.06782
8.87051
8.70817
9.20973
8.66867
9.37783
8.78697
9.02169
9.24699
9.3748
8.74911
8.89938
8.93525
9.15559
8.98549
9.23985
9.31406
9.27339
9.09643
9.29076
9.05011
9.14281
9.69156
9.26409
9.1062
9.38749
8.94199
8.81915
8.98614
9.31507
9.22142
9.2515
9.04097
9.28705
9.56387
8.98905
9.53135
9.26752
9.38936
9.22313
9.06481
8.99274
9.2447
9.42233
9.39051
9.13679
8.91268
8.88716
9.27588
9.38107
9.34239
9.37458
9.52692
9.357
8.89888
9.50938
9.26552
9.25915
8.64856
9.15889
9.32071
9.4693
9.64219
8.90332
9.76475
8.99884
9.01793
9.33863
9.22593
9.3838
9.2032
9.49963
9.44689
8.98167
9.39004
9.46084
9.37384
9.10914
8.89608
9.10837
9.46212
9.51339
9.5231
9.43068
8.93009
8.5348
9.33058
9.38495
9.54191
8.80978
9.11843
9.63202
9.39768
9.30063
9.41893
9.43945
9.15511
9.1392
9.26601
9.34714
9.05633
9.17804
9.22297
9.11266
9.16652
9.24458
9.04777
9.30627
9.27106
9.14913
9.21947
9.22153
9.42591
9.217
9.56996
9.17238
9.27371
8.98062
8.90745
9.39879
9.48456
9.41179
9.05293
9.13798
9.52722
8.85996
9.16116
8.8534
9.10366
9.12702
9.11086
9.29446
9.01381
9.3101
9.27528
9.18714
9.08814
9.10042
9.53665
9.11119
9.00987
9.10896
9.44403
9.36137
9.26447
9.37704
9.33214
9.20573
9.45225
9.27448
9.13477
9.42609
9.51878
9.17214
9.67133
8.48631
9.40766
9.46804
9.5766
9.42543
8.94398
9.80614
9.2839
9.70166
8.95977
9.5994
8.67983
9.21187
9.34168
9.63067
9.20238
9.43284
9.14026
9.3432
9.27094
9.18941
9.11436
9.30882
9.28753
9.49097
8.82212
9.13522
8.83176
8.94074
8.98416
8.90961
8.91158
9.20484
9.44713
9.30314
8.8218
9.2772
8.99762
9.08861
8.8315
9.20183
9.14071
9.25323
9.34575
8.77533
8.99746
9.01005
8.82102
8.54895
9.01758
9.46003
8.94124
8.63211
9.24398
8.89508
9.13854
9.4193
9.1444
9.2843
9.20502
8.7962
8.78518
8.80845
8.82891
9.44722
8.94391
9.00532
8.78754
8.7415
9.34265
9.31907
9.04522
8.84239
8.97561
8.90585
9.27805
9.02824
8.8455
9.24521
8.9993
8.80281
9.3308
8.88393
8.96822
8.94811
9.19859
8.73384
8.82434
9.31019
8.93529
9.08302
9.21981
9.09423
9.01263
9.46788
9.20388
9.19153
9.23363
8.69488
8.87843
9.23253
9.17737
8.93786
8.93587
9.13901
9.16643
9.05411
9.48784
9.23486
8.94121
9.03314
8.77612
9.08028
9.12775
9.12166
8.97667
9.39974
9.29166
9.01478
9.16307
8.79861
9.11223
9.3961
9.24691
8.51617
9.13238
9.02317
8.9188
9.30022
9.25536
9.72556
8.963
8.70978
8.51868
8.77986
9.17229
9.07611
9.30731
9.41914
9.18569
9.04896
9.44422
9.13592
9.29332
9.06575
9.36725
9.046
9.40969
9.15296
9.30011
9.31452
9.12872
9.31857
9.19885
9.19592
8.97489
9.38659
8.82097
9.57344
9.48015
9.08972
9.48051
8.89304
9.27794
9.24037
9.1422
9.02576
9.50508
9.19019
9.27488
9.16587
9.42394
8.78169
9.12975
9.0733
9.49903
9.25075
9.37792
8.79197
9.09201
9.08994
9.02674
9.23132
9.02585
9.31669
9.30965
9.24776
9.24923
9.21904
9.1579
8.67409
8.60104
9.45492
9.18276
8.66531
8.90255
8.60898
9.03242
9.14798
8.96723
9.1677
9.11861
9.00702
8.95482
9.28965
9.08846
9.34622
9.48552
9.14241
9.40135
9.17753
8.8524
8.80969
8.80507
9.32503
9.43065
9.09168
8.90744
9.24919
8.81867
9.07834
9.05792
8.8403
9.06543
9.11182
8.70847
9.15332
9.40397
8.63561
9.07335
9.09961
9.08712
9.08159
9.15476
8.78419
9.22015
9.16474
9.35894
9.42551
9.30863
9.04778
9.22543
9.03608
8.79727
8.916
8.81397
9.41059
9.57192
8.89205
9.40078
9.31281
9.00455
8.90765
9.00337
9.19553
9.49104
8.62278
9.13347
9.34349
9.42189
8.96111
8.79725
9.4773
9.25558
9.39121
9.43831
8.96629
9.28387
8.55661
8.99094
9.3336
9.27594
8.88523
8.63804
8.995
9.00413
8.64317
9.09115
9.30308
9.20404
9.64375
8.75671
9.13114
8.91743
8.98478
9.03084
8.97977
9.00356
9.07076
8.67602
9.00626
9.38798
8.90957
8.78973
9.11807
9.39414
9.07291
9.02928
9.00895
8.70556
9.01997
8.72642
9.04811
8.85454
8.79565
8.98579
8.76937
8.81271
9.06382
9.08759
9.14665
9.35348
8.99457
9.08599
8.42042
9.03645
9.18571
9.36293
9.27724
9.29434
8.98369
9.30095
8.99828
8.54915
8.83478
9.26962
9.09984
8.93307
8.89918
8.79449
9.28355
9.06335
9.16583
9.00133
8.82815
8.92095
9.02668
8.92457
8.83203
9.13828
9.16656
8.98264
9.63388
8.94223
9.09126
8.94234
8.87827
9.59431
9.05664
8.81942
9.141
8.89001
9.21756
8.87895
9.08728
9.16465
9.348
9.0417
9.18741
9.20368
9.30704
8.64145
9.40772
9.11972
9.27771
9.14292
9.10118
9.14015
9.07874
8.76708
9.04295
9.22463
9.21868
8.71916
9.3724
9.41779
9.05017
9.24482
8.99338
9.57987
8.73031
9.06346
9.11537
9.20063
9.45811
8.74529
9.54449
8.86596
9.60243
9.28462
9.20515
9.14502
9.07399
9.4369
8.91358
9.08705
9.08364
9.32233
9.14807
9.29877
9.23266
9.56725
9.48416
9.10259
9.18314
9.57559
9.08621
8.84295
9.46108
9.11618
9.26223
9.10561
9.11749
9.26639
9.40854
9.00222
9.14135
9.11707
9.03727
8.92527
9.10352
8.97189
9.08166
9.05206
9.07392
8.74482
9.29167
9.14699
9.22589
9.12378
9.15527
8.87389
9.35367
9.00603
8.78285
9.05625
8.69408
8.93724
9.33661
9.12702
9.26538
9.05319
9.24547
9.20237
8.70684
8.97458
9.11715
9.19401
9.48653
8.94594
9.37705
8.95816
8.96622
9.0773
9.41461
8.38257
8.65129
9.19743
8.77657
9.12062
9.27566
9.31367
9.2283
9.22259
8.91326
9.13828
9.30275
8.89637
9.2654
9.14528
9.05201
9.06045
9.47439
9.59252
9.28485
9.52796
9.41573
9.17762
9.40216
9.22091
8.94619
9.02472
8.85646
8.7621
9.09342
9.47751
8.8726
8.83233
8.91909
8.96917
8.98892
9.04465
9.1316
8.99903
9.14202
9.1067
8.85782
9.76486
9.28101
9.19966
9.26933
9.42148
9.1614
8.83997
9.0461
9.00468
9.19657
9.3933
9.12296
8.74665
9.05382
9.26673
9.03264
9.20917
9.15664
9.34368
9.09312
8.99159
8.76379
9.18149
9.00678
8.977
9.507
9.43131
8.93337
9.1327
9.02478
8.93019
9.08829
9.28411
9.0743
8.72766
9.08588
9.32983
9.18868
9.04568
9.01457
9.22292
9.04716
9.2783
9.31543
9.43644
9.30138
9.38717
9.059
9.20494
8.93228
9.31703
8.86732
9.39082
9.37219
8.8838
9.22389
9.11406
9.22063
9.16588
9.54235
9.33095
9.29905
8.91665
9.47158
9.40087
8.83948
9.05689
9.43239
9.17678
9.09469
9.6971
9.55671
9.15623
9.31707
8.82528
9.15894
9.29114
9.01552
8.958
8.54772
8.82469
9.4038
8.81057
8.59697
8.83703
8.81117
8.97026
8.85343
8.90005
8.82755
8.94395
9.13783
9.10843
8.62993
8.82276
8.68626
8.87033
9.00492
9.10155
8.95154
9.0219
9.0037
8.83334
8.79699
8.93506
9.06177
8.68575
8.94427
8.55568
9.1929
9.26136
8.99303
8.86057
8.91225
9.09527
8.58129
9.36447
8.71824
9.2651
8.7208
9.41261
9.585
9.40838
8.86595
8.97009
9.00857
8.98059
9.08371
8.60422
9.34972
9.27326
8.93714
9.01291
9.12799
8.79835
9.00101
9.06977
9.04794
8.97138
8.86009
9.13868
9.16954
9.40021
9.10268
9.33359
9.14854
8.9827
9.21074
9.18102
8.85943
9.0246
8.89861
8.8908
8.99662
8.83714
9.10311
8.92748
8.97206
9.43977
8.97622
9.08134
9.02253
8.69459
9.14072
8.63858
9.24754
8.98626
9.1293
8.70364
9.27087
9.22842
8.90192
9.22328
9.25722
8.91552
9.30711
9.0092
9.13326
9.05946
9.39249
9.08449
8.93196
8.91428
9.20712
9.01237
9.24
8.959
9.24894
8.99162
8.80928
8.82487
9.0553
9.29737
9.05462
9.30823
8.95796
8.97802
9.06811
9.56013
9.44997
9.05021
8.93878
8.92926
9.1848
9.18899
9.2327
9.11634
8.62244
8.92429
9.10783
8.83148
9.12128
8.9282
9.19848
9.08356
9.34286
9.31235
8.92778
8.847
9.33866
8.98801
9.22151
9.08051
9.28005
9.45118
9.03339
9.46561
9.13139
9.20297
9.66019
9.49366
8.97923
9.32739
9.02744
9.17933
9.3683
9.17151
9.07844
9.20564
9.20383
8.99353
9.57616
9.27105
8.76871
9.44627
8.97876
9.37839
9.60367
9.17663
9.27491
9.10903
9.09384
8.7766
9.34054
9.43519
9.22511
9.55687
9.2827
9.52181
9.47566
9.27694
9.61875
8.85457
9.52613
9.16349
9.44586
9.46726
8.71322
9.12569
9.36216
9.43837
9.13637
9.04193
8.96615
9.405
9.21582
9.21863
9.3796
9.28395
9.03708
9.26275
9.89957
9.04542
9.6615
9.34794
9.02148
9.36267
9.19282
9.30181
9.33334
9.11106
9.55368
9.02953
9.11952
9.20354
8.99593
8.8144
8.68175
9.00951
9.23123
9.48463
9.15804
8.96131
8.92945
8.82356
8.94686
8.92159
9.01415
9.45691
9.04524
9.20661
8.6721
9.41335
9.03715
9.13469
9.43511
8.93378
8.8233
9.09418
9.02178
9.15582
9.23542
8.84655
9.3384
8.92571
8.98828
9.4458
9.19909
9.41077
9.06859
9.36572
8.65271
8.80502
8.88059
9.1306
8.79193
9.07972
9.03955
9.29094
8.97919
9.41605
9.41872
8.93628
9.09752
9.06349
9.181
9.25122
9.24681
9.04106
9.457
8.8637
9.29567
9.10676
9.32634
9.15374
8.80721
9.17111
9.01314
9.14178
8.795
8.95344
9.35088
9.24101
9.15279
8.88253
8.78939
8.9402
8.77226
9.03301
9.0821
9.17692
9.31895
8.6684
8.93907
8.98798
8.90509
9.5051
8.96505
9.59574
9.38249
8.71389
8.9014
9.27468
9.27813
9.07825
9.32577
9.31682
9.14398
9.10182
9.00196
8.92526
8.7906
9.18282
9.14151
9.17145
8.83935
8.72604
8.79886
8.68681
9.41926
9.03543
9.04207
9.21781
8.973
8.77481
8.89719
9.25943
8.96011
9.28376
8.99758
9.48502
9.10522
8.86232
9.23105
8.58007
8.87217
9.47476
8.80247
8.83541
8.83521
9.0115
9.07908
9.14668
9.40245
8.98627
8.84285
8.89184
9.22581
9.01263
9.20236
9.09588
9.00576
8.98611
8.84595
9.27215
9.40732
9.04885
9.10358
9.16452
9.39162
9.54012
8.8785
9.50591
9.13191
9.03755
9.27571
9.01952
9.03282
9.37711
9.39568
9.35588
9.52749
9.3521
9.05033
9.3167
9.53631
8.94263
9.50605
8.86512
9.25014
9.03429
9.06517
9.16931
8.92422
8.9117
9.29262
9.08497
9.64364
9.162
9.37601
9.4023
9.20711
9.18497
9.10068
8.95367
9.57867
9.32491
8.88388
9.09387
9.42029
9.06798
9.37293
8.63306
8.71163
8.88122
9.71754
9.32225
9.08704
9.49602
9.01249
9.12812
9.09713
9.61524
9.18244
9.17324
9.30392
9.57629
9.36716
9.31164
9.30913
9.35735
8.85002
9.02857
8.8333
8.93293
9.5092
8.97566
9.17411
9.29604
8.80153
8.93394
9.26833
8.77494
9.3727
9.42148
9.62409
9.10944
9.10627
8.86585
9.18239
8.83174
9.27454
9.1056
9.35736
8.8802
8.859
9.06041
8.94
8.93745
9.06458
9.27727
8.88471
9.05006
8.90669
9.29785
9.00381
9.04413
9.25804
8.73311
9.00121
8.91907
9.04666
8.88538
9.24355
9.05649
8.93284
8.4443
8.971
9.24254
9.31924
8.74965
8.75888
9.2809
9.10181
9.15427
9.35811
8.92917
9.15225
8.74278
8.80933
8.76763
8.97118
8.77358
8.55194
9.15897
9.13231
9.37089
9.0395
9.23635
9.27349
9.24715
8.58326
8.8187
9.09022
9.33531
9.37928
9.22556
9.24873
8.94478
8.66869
9.08733
9.08654
9.47687
9.11616
8.53462
8.87233
8.98326
9.2947
9.24118
9.30805
9.14792
8.99981
8.9178
8.92426
8.99496
9.03461
9.28898
8.9598
8.95874
8.8737
9.33363
9.05209
8.81131
9.1271
9.24159
9.27257
9.44454
8.6793
9.0285
9.02326
9.03994
9.60685
8.94862
8.93688
8.9989
8.88165
8.85536
9.10888
9.07575
9.40505
9.26995
8.94758
8.79772
9.25874
8.51419
8.8573
9.21735
9.02616
9.0734
8.98268
9.15475
9.23053
8.70252
9.0766
9.29828
8.89661
9.21315
9.10088
9.16659
8.91714
8.88571
9.10065
8.81511
9.23806
8.99484
8.92396
8.94538
8.8815
8.93731
9.48963
8.78589
8.52626
8.98705
8.98435
9.00767
9.38858
9.24791
9.05853
8.85975
8.91208
8.99414
8.87626
9.54482
9.28816
8.86441
9.36706
9.09937
8.8626
9.54139
9.05993
9.1266
8.74341
9.06379
9.11987
9.14918
8.91753
8.97311
9.04086
9.04396
8.92224
8.98207
9.26287
8.83822
9.03198
8.56351
9.14913
9.00418
8.8655
8.76985
9.01728
8.90138
8.62769
9.07301
9.36087
9.22107
8.82059
9.0648
9.25872
9.23117
9.20279
9.05823
9.0473
9.09263
9.53333
9.06344
9.61562
9.14259
9.38071
9.24525
9.0992
8.77255
9.17122
9.03797
9.39169
9.12651
8.79656
9.01101
9.20897
8.97969
9.11574
8.96003
9.47
9.04022
9.38579
9.01351
9.0112
9.37225
8.6527
8.9204
8.91048
9.45482
8.79829
8.81873
8.90154
9.14778
9.13546
9.21954
8.97801
8.57868
9.24502
8.98088
8.92381
9.12177
9.39673
9.35496
9.03144
9.40829
8.9339
8.56227
9.21836
8.9677
9.28865
8.90642
8.98786
9.52897
9.11364
9.02736
9.19898
9.55546
9.20423
8.9958
9.00881
9.41402
9.34687
9.25857
9.28823
9.25618
8.81164
9.24298
9.06834
9.40872
8.97384
9.21696
8.92082
9.1675
8.93323
9.12419
9.22071
9.18617
8.66689
8.74015
8.76599
9.04922
9.35626
8.88748
9.44651
8.83266
9.17855
8.70787
8.97089
9.10195
9.2953
8.80485
8.93658
9.22491
9.00097
9.08949
9.2314
9.23475
9.33274
9.30092
9.29284
8.98229
9.2814
9.03415
9.49233
9.24746
9.2507
9.03586
9.47678
8.76236
9.39896
8.82553
8.91384
9.15664
9.23036
9.20907
9.3359
8.78126
8.98267
9.01259
9.4201
9.37232
9.10645
9.00105
9.13573
8.8718
9.241
8.92715
9.6155
9.22372
9.05594
9.33434
9.43752
9.12661
9.29806
9.39153
9.42417
9.01252
9.3669
8.99472
9.25323
9.18256
9.29201
9.13754
9.07477
9.43281
9.36335
9.19664
9.076
9.62116
8.92663
9.19952
9.19412
9.0442
9.187
9.18167
9.34041
9.3931
9.11324
9.41543
9.29038
8.87997
9.3854
9.31979
9.10385
9.149
9.16516
9.22731
9.75168
9.38349
9.04288
9.62647
9.51625
9.07614
8.77253
9.16532
9.51486
9.48171
9.39598
9.39237
9.57136
9.38589
9.13902
9.47655
9.28426
9.54063
9.34774
9.45845
9.39883
9.41353
8.8149
9.4803
9.3364
9.22169
9.65226
8.59187
9.18489
9.54406
9.07568
9.0607
9.26017
9.51411
9.12198
8.99296
8.58857
9.06714
9.41719
9.00594
9.237
9.22831
9.07887
9.32122
9.20536
9.09318
8.77118
9.48587
9.25573
8.57274
9.26005
9.12772
9.24114
9.27797
9.04682
9.19532
9.35219
8.43538
9.19701
9.3999
8.9772
9.36892
9.32909
9.32908
8.72416
9.38122
9.50531
9.24407
9.10357
9.13046
8.91285
9.37323
9.50358
9.3456
9.45801
8.87812
9.00353
9.34767
9.5119
9.3386
9.3988
9.11947
9.1505
9.49984
8.93386
9.4657
9.07429
9.2598
9.06467
8.98273
8.95647
9.08571
8.92529
9.1005
9.34893
9.04411
8.98271
8.93405
8.85404
9.00824
8.93268
9.06662
8.98185
9.03875
9.07045
8.59612
8.9172
8.90203
9.04418
8.85098
8.90118
9.10284
8.9701
8.95265
8.96746
9.28611
8.64854
9.0665
8.92098
8.90479
8.95859
9.21677
9.23701
9.03648
9.05039
8.85875
8.86926
8.95204
8.98652
9.30605
8.63789
9.33478
9.2514
9.10117
8.91312
9.2769
8.6329
9.08995
9.11181
9.04687
9.10805
9.10483
8.79085
9.1659
9.11102
9.07675
9.199
9.01281
9.28269
9.46593
8.7216
9.00281
8.99791
9.35156
9.00636
9.08774
8.8658
8.89756
9.19493
8.99951
9.54995
9.3659
9.52955
9.12968
8.93077
9.01902
8.83372
9.31871
8.78967
9.0299
9.06018
8.98679
8.85013
9.04133
9.11319
9.28784
9.00859
9.0014
8.96221
9.03417
9.37231
8.96227
9.81995
8.85637
9.34913
8.95632
9.58742
9.06583
9.28527
8.9888
9.14357
9.42513
9.23451
9.16746
8.86872
9.1748
8.79007
9.2862
9.33157
9.38064
9.3413
9.07418
8.98318
9.5691
9.62866
9.18003
9.346
9.40618
9.14842
9.19985
8.67274
9.03668
9.2448
9.07797
9.20779
8.88881
8.90153
9.15371
8.80879
8.9804
9.15556
9.32578
9.17019
9.26129
8.74789
9.21605
8.98559
9.18416
9.09961
8.75661
8.80825
8.9226
8.97545
9.23411
8.67335
9.11086
9.02177
9.10385
9.16293
8.80608
8.91014
9.49051
8.99202
9.34356
9.40444
9.1871
8.83998
9.52281
8.79628
8.94001
9.22231
9.15047
8.57594
9.33332
9.19901
8.9551
9.02622
8.97887
9.07619
9.18827
8.8513
8.90121
9.15247
9.37719
9.50529
8.94799
9.07447
9.16377
9.2665
9.16528
8.98307
9.09203
8.98215
9.04652
9.13681
9.26323
8.95327
9.11391
9.23538
9.13375
8.78322
8.76837
9.09141
9.06779
8.89417
9.02349
9.0504
8.82937
8.92285
8.86028
9.03698
9.20695
9.00311
9.49414
9.09549
8.68727
8.57277
9.20131
8.82614
9.48786
9.37501
9.26966
8.95124
9.21707
9.07575
9.14736
9.15155
8.92437
8.78801
9.30075
8.80497
8.69704
9.01386
9.00332
9.13751
9.3013
8.83762
9.12948
8.97968
8.83967
9.34871
9.34506
8.85061
9.0038
8.71795
8.95779
8.98913
9.29616
8.92449
8.9252
9.45882
8.99617
9.12075
9.09579
9.05316
9.22176
9.28678
8.98758
9.43746
8.93396
8.75747
9.16241
9.19054
9.03795
9.08873
9.06865
9.07073
8.94345
9.1111
9.05256
9.19439
9.32594
9.34389
9.57786
9.02401
8.86878
9.47884
9.22585
9.45286
8.8901
9.14085
9.20006
9.27069
8.76406
9.24271
9.4507
9.07815
9.56378
9.28435
9.42537
8.66636
9.3826
9.3261
9.36613
9.34185
8.93044
9.56847
8.93965
9.29209
9.0437
8.9853
9.29878
8.7807
9.29364
9.24266
8.99244
9.08661
8.95191
8.83177
9.19729
9.22379
9.1367
9.17433
9.32577
9.33316
9.28305
8.90766
9.35325
9.26411
9.09756
8.73017
9.06185
9.15966
8.99496
9.43925
9.13059
9.57718
8.93113
9.19783
8.90316
8.96435
9.13152
9.15696
9.63758
8.8209
9.3528
9.4614
9.55876
9.14532
9.14423
9.06038
9.08517
9.61705
9.3091
9.14776
9.2809
8.96863
8.7844
9.08551
9.1014
9.22592
8.98515
9.07753
9.34472
9.04087
9.05363
9.25231
9.00183
9.43094
8.76622
9.44444
9.30533
8.94475
9.19574
9.30703
9.16441
9.3277
8.91517
9.31541
9.58271
9.10616
9.18477
9.48768
9.3013
9.40135
9.28225
9.1624
9.35621
9.27859
9.50262
9.0422
9.39025
9.03638
9.47134
9.11501
9.21351
9.25166
9.45628
9.43594
9.31329
9.50837
9.5953
8.98973
9.42906
9.5348
9.23186
9.69253
9.51096
9.11061
9.19995
9.36491
9.10858
9.10447
9.4961
9.58692
9.49604
8.96725
9.58409
9.50582
9.30393
8.90743
8.96525
9.19221
9.19007
9.62756
9.27004
8.62297
9.19022
9.3214
9.03684
9.43824
9.31103
8.99064
8.87794
9.38286
9.23983
9.31384
9.08639
9.08988
8.83203
8.61764
9.27077
9.13832
9.0163
9.18613
8.89627
9.14974
9.54855
9.07634
9.40382
8.60016
9.8282
9.31715
9.42335
9.36314
8.9841
9.33197
9.17509
8.74737
8.75364
9.54073
9.45534
9.09547
9.39756
9.22388
8.91932
9.27093
9.30929
9.36813
8.96529
8.90716
8.84773
9.01038
8.91017
8.68199
9.29202
8.99747
9.19959
9.61496
8.57189
9.22287
8.67507
9.03565
8.73208
8.80188
9.06277
9.18898
8.64668
8.92477
8.91742
8.8529
8.88218
8.87882
9.09786
8.61608
8.92918
8.9509
9.16835
8.86849
9.15306
9.02676
8.92872
8.74573
8.89263
9.41272
9.1764
8.93709
8.98785
8.64359
9.0473
8.77864
9.13715
8.35927
8.94613
9.45141
8.96865
8.33759
9.11075
8.51933
8.63173
8.9124
8.90543
9.01088
8.86297
8.62032
8.97027
9.46162
8.5255
9.09989
8.64292
9.01796
9.27722
8.55783
8.8017
8.76901
8.75865
8.93901
8.96708
8.91526
9.18201
8.90459
8.76513
9.32838
9.01635
8.31104
9.14222
8.80653
8.64382
9.0758
9.17432
8.84238
8.8954
8.69157
8.65501
8.86571
8.67163
9.1258
8.73314
9.03658
8.68417
9.09884
8.72914
8.93469
8.85674
8.77052
9.07117
8.9624
8.70952
9.01831
8.80118
9.00992
8.47632
9.07678
9.23073
8.65869
9.06977
9.07857
8.78024
8.9978
8.6115
8.95828
9.54938
8.96919
8.49602
9.20282
8.75263
9.0116
9.37923
9.2467
9.13133
9.1068
9.12199
9.3151
9.4766
9.47867
9.06768
9.22306
9.45781
8.97729
9.39837
8.87325
9.31815
8.79223
9.03682
9.2812
9.44273
8.94667
9.12738
9.55355
9.34536
9.30429
9.23799
9.02722
9.28265
8.90404
8.69151
9.91944
9.424
9.36644
9.25208
9.4862
9.08953
8.96749
9.17059
8.90318
9.44602
9.33171
8.96724
8.90591
9.31913
8.77368
9.44159
9.52757
9.05339
9.2934
9.0526
9.23591
9.29513
9.15624
9.23485
9.23129
9.00439
8.84
9.48126
9.00276
9.4678
9.31125
9.02869
8.943
9.03468
8.85104
9.56983
8.94586
9.03536
9.22935
9.11947
9.15606
9.25501
8.82505
9.04944
8.88154
9.2951
9.12147
9.1376
8.68685
8.93065
9.1002
9.18132
9.23518
9.31467
8.76198
8.98822
8.41655
8.7148
9.22257
9.1388
8.78625
8.73862
9.19657
9.49596
8.91947
9.05341
8.71769
9.24339
9.32869
9.2396
9.00706
8.78051
8.99472
8.83214
9.09111
9.22126
8.9936
9.03309
9.12457
9.04994
8.8708
8.96737
8.79095
8.81118
8.81149
9.1365
8.70228
8.81644
9.23995
9.10904
9.44196
9.0469
8.81386
9.00705
9.06355
9.28137
9.00144
8.79817
8.75166
9.48357
9.13367
9.20186
9.15093
9.09231
8.69674
9.341
8.93943
9.15431
9.27355
9.34673
8.70883
8.85462
9.25412
9.01589
8.93307
9.27181
9.18478
9.01243
9.50346
8.89598
9.28945
9.01495
9.30111
9.31784
9.37467
9.22915
9.0025
9.68437
9.30436
9.21111
9.34944
9.25982
9.30348
9.38006
9.35117
9.25109
9.06539
9.12672
9.40701
9.22417
9.26394
9.44518
9.15505
8.93206
9.12726
8.96835
8.64549
9.40214
9.77793
9.29593
9.52619
9.38278
8.97906
9.16198
9.37125
9.14238
9.14984
9.26983
8.92823
9.54213
9.47876
9.0255
9.4793
9.43878
9.33131
8.89296
9.60438
9.27054
9.07733
9.05378
9.13821
9.08915
9.0196
9.32319
9.1594
9.58039
9.05661
9.52836
8.9704
8.98022
9.43246
9.11149
9.4799
9.17814
9.38211
9.32351
9.25343
9.23329
8.92222
8.74101
8.83661
8.91733
9.00126
9.31732
9.6307
9.36702
9.22548
9.22891
9.11679
9.01263
9.03057
9.31863
8.7884
9.46088
9.43272
8.79358
9.41448
9.53695
8.94567
9.05617
9.29019
9.25495
9.00949
9.3505
9.06752
8.90436
9.08005
9.26804
9.21023
9.10888
8.77808
8.97951
9.00018
9.106
9.03613
8.98108
9.2211
9.07834
8.98313
9.38438
8.5296
9.2469
9.10876
9.25166
9.15567
9.16299
9.33436
8.8361
8.71083
9.16965
8.99081
9.21562
9.15314
9.49537
9.20485
8.55818
9.3205
8.912
8.87452
8.99986
8.83116
8.9904
9.45674
9.27485
8.97455
9.05324
9.29213
9.12678
9.29895
9.16634
9.31977
9.45479
9.22811
9.27943
9.34756
8.86141
9.13907
8.93519
9.34209
9.43969
9.58398
9.25205
9.50518
8.67342
9.47019
9.07867
9.50135
9.15881
9.36275
8.97062
8.69138
9.184
9.18322
9.152
8.82735
9.33989
9.19003
8.70792
9.05656
9.02947
8.9794
9.19818
9.05031
9.04599
9.38139
9.33192
9.17687
9.31251
9.09395
9.37692
9.24604
9.34636
9.15258
9.29658
8.76204
9.01464
9.25215
8.41051
8.85143
9.32666
9.09922
8.86492
9.4919
8.82794
8.83674
9.21851
9.32977
9.10272
9.22157
8.84536
9.12017
9.21855
9.15666
8.91265
9.04087
9.29377
8.95298
9.13066
8.93388
8.89208
9.41904
9.36488
9.07331
9.25351
8.86209
8.65473
9.57568
8.95129
9.35079
8.66845
8.97629
9.08563
9.13146
9.14306
9.26727
8.85455
9.0924
9.03531
9.19893
8.76517
9.15518
8.78029
9.01929
8.92772
8.54701
8.87207
8.91422
9.19717
9.04261
8.86141
8.7781
9.09133
8.64515
9.31389
9.14153
8.81701
8.59613
9.19769
8.55979
9.30548
9.31789
8.77276
8.99901
9.19001
9.2399
9.51882
9.1508
8.90977
8.95306
9.14445
9.3321
9.00273
9.13659
8.86472
9.27686
8.97704
8.91648
9.21365
9.59112
9.0698
9.16472
9.31414
8.86018
8.66025
9.19164
9.49585
9.28692
9.19291
9.54269
9.16846
9.18279
9.01025
9.1039
9.31668
9.13687
9.19241
8.97288
8.78293
9.34303
9.4053
9.17774
9.43478
8.98083
8.69416
9.36045
9.21322
9.46625
9.09758
9.13148
9.18069
9.22876
9.27158
9.26962
9.30359
9.21742
9.20188
9.20157
9.36242
9.05064
9.19126
9.15341
8.77448
9.10219
9.12996
8.72957
9.17345
9.21822
9.15184
9.24169
8.97252
9.38442
8.99507
9.29127
8.66125
9.48949
8.61684
9.33766
9.45924
9.55464
9.1731
9.25408
9.32837
9.10238
8.95887
8.89121
9.25141
9.45982
9.58807
8.93937
9.39356
8.44653
9.28029
9.22761
9.4207
9.3343
8.94351
8.90294
9.14963
9.38649
9.45176
9.44807
8.86095
9.30059
9.44333
8.76963
8.91375
9.31106
9.03441
9.07083
9.22081
9.15681
9.35427
8.92675
8.82159
9.17117
9.24488
9.16424
8.73546
9.03312
9.06375
9.27763
9.11549
8.89154
9.14594
8.91263
9.3749
9.17382
9.74786
9.14895
8.70076
8.59222
9.10709
8.99591
9.12591
9.28364
8.57697
8.74146
9.25435
9.00643
9.10428
8.91112
9.10296
8.77525
9.00591
8.79624
8.67957
9.00914
9.37779
8.65473
9.40112
9.0524
9.1504
8.76842
9.487
9.06778
9.00916
9.27109
8.67161
8.8622
8.99521
8.68978
9.23058
9.005
8.30682
9.16873
9.53218
9.11709
9.01664
9.2989
8.9015
8.76803
9.39823
8.94793
9.04223
8.93567
9.04929
8.83322
9.09163
8.9385
9.56203
8.80067
8.89575
9.29756
9.37897
8.89345
9.07206
9.26928
9.34037
9.45916
9.10986
8.98751
9.00461
9.19003
9.51668
9.10195
9.22698
9.24386
9.18245
8.89593
9.12247
8.97635
8.87342
9.18333
9.48923
9.29868
9.17367
9.55591
8.59964
8.92499
9.0917
9.22931
9.34512
9.02773
8.95225
9.22651
8.91364
9.1819
9.29044
8.98799
9.0682
9.29378
9.20718
9.03945
9.08774
9.20446
9.13719
9.32855
8.9762
9.1535
9.06456
9.16859
8.95146
9.14019
9.15199
9.36806
9.63032
9.1954
9.05858
9.17503
8.78522
9.48603
8.71429
9.23015
8.88719
8.57544
8.74679
9.23691
9.04049
9.33671
9.26447
9.11182
9.14403
9.46469
9.21138
9.20124
8.80804
9.24013
9.49094
8.85761
8.95612
8.82002
8.90042
9.09283
9.13033
9.3103
9.26371
9.05357
9.19812
9.32014
8.9642
8.8839
8.90105
8.93721
8.89659
8.81474
9.05309
9.47931
8.85181
8.99827
9.03106
8.93493
8.98937
8.94695
9.53312
8.61867
8.72443
8.973
9.15646
8.98042
8.93777
9.40723
9.4488
8.912
9.06125
9.14835
9.05892
8.86651
9.19601
9.35579
9.33225
8.83775
9.50991
8.7695
9.00707
9.34704
9.49513
9.27261
9.42222
9.15606
8.74856
9.53341
9.47904
9.02266
9.25884
8.79682
8.73882
9.03886
9.14748
9.43734
9.08977
8.94098
8.42801
9.34063
8.96315
9.09244
9.1947
9.45414
9.43394
9.36915
9.13101
9.10453
8.9763
9.16004
9.09354
9.29775
9.32132
9.02783
8.886
9.03265
9.52601
9.27171
9.53374
8.90254
9.03354
9.13741
9.24454
8.93358
9.1529
8.78632
8.69968
8.69065
9.42142
9.26015
9.25302
8.7851
8.99561
9.38998
9.10063
8.97815
8.82077
9.13135
9.10045
9.21432
9.38391
9.00697
9.28862
9.06065
8.83401
9.52057
9.07906
9.05071
8.90894
9.1929
9.44072
9.17248
8.89384
9.12048
9.37616
9.32837
9.07919
9.2672
9.11535
8.93705
8.97682
9.18856
9.44533
9.43138
9.54476
8.91673
9.62646
9.60909
9.19717
9.26816
9.67508
9.12928
9.26434
9.05515
9.12502
9.09501
8.85936
9.20788
9.34459
9.04095
8.72462
9.03719
9.36099
9.21106
9.07056
8.66501
9.55819
8.93787
8.76787
9.27853
9.04578
9.03018
8.68739
9.28032
9.0504
9.31443
8.8538
9.10787
9.082
9.06835
9.36428
8.98547
9.14348
9.1341
8.78264
9.26613
9.26463
9.36609
9.24162
8.87487
9.10885
9.20611
9.31065
9.09086
8.99261
9.18487
9.17666
8.94153
9.25588
9.39532
9.26457
9.14306
8.986
8.98905
9.37927
9.32789
9.33102
8.88493
8.64129
9.17454
9.65514
9.16517
9.38774
9.39275
9.18409
9.1573
8.82331
9.16792
9.16631
8.98914
9.22905
9.07105
9.33869
9.14564
9.30774
8.97975
9.06601
8.96877
9.15228
9.21976
9.14871
8.75968
8.99692
8.87419
9.13133
8.86899
9.55201
9.30493
9.15691
8.82249
8.97798
8.92517
8.94393
8.9267
9.02267
9.14767
9.20446
9.19358
9.39712
9.08533
8.52276
9.08537
8.97883
8.8153
9.29975
9.22493
9.38944
9.13279
8.79125
9.4457
9.08515
8.74731
8.836
9.07053
9.3932
8.90644
9.3828
8.95789
9.40765
9.43485
8.76686
9.32292
9.43282
9.19019
9.50916
9.08206
8.80829
9.22522
9.16789
9.17764
9.21649
8.6896
8.91394
8.57405
9.24965
9.45894
9.02704
9.19058
9.1353
8.94475
9.02905
8.95697
9.49623
8.68619
9.31953
8.8969
8.81649
9.27462
8.85415
9.28626
9.28499
9.36551
9.28157
9.34278
9.30747
9.17573
9.37955
9.42809
9.2583
9.50309
9.2597
9.01764
9.25342
9.44368
9.49471
9.3004
9.08484
8.778
9.27864
9.33992
9.37245
9.15894
9.15767
9.2189
9.12428
9.37475
9.00753
8.98213
9.43102
9.17667
9.30106
8.98015
9.11885
9.44227
9.64563
8.83671
9.16177
9.01607
9.25981
9.01975
9.2078
8.84221
9.12566
9.12388
9.01845
9.31881
9.31212
9.2385
8.80348
9.19983
9.23245
9.35606
9.28788
9.54032
9.42425
9.00016
8.93085
9.2497
9.11299
9.06756
9.17908
8.96648
9.37427
9.50188
9.2553
9.06547
9.10074
9.15005
8.99628
9.19305
9.02942
9.32858
9.21466
8.97198
9.23203
9.42933
9.28314
9.03257
9.1915
9.19495
8.86952
9.1033
9.08566
9.22251
8.91266
8.8556
9.24451
8.9708
9.46624
8.9172
9.23554
9.11608
8.68044
9.06349
9.73193
9.10821
8.98124
8.8587
9.08593
9.20534
8.86404
9.39357
9.01774
9.17741
9.04981
8.717
9.13033
9.13529
8.96215
9.74654
9.28664
9.20987
9.12326
9.64914
8.83397
9.16227
9.25309
9.05935
9.27525
8.96044
9.0307
9.49081
9.40976
9.21747
9.67172
9.0865
9.20262
9.57239
9.42374
9.32141
9.08143
9.37432
9.67833
9.44135
9.13813
9.41973
9.15792
9.36323
9.54696
9.35143
9.32581
9.35191
8.85421
9.37123
8.92424
9.19793
9.28135
9.39429
9.00579
9.34958
9.31905
9.04402
9.07752
9.10179
9.40952
9.37977
9.2151
8.9543
8.92659
9.22496
9.35328
9.71195
9.01389
8.96275
9.08827
9.73226
8.96175
9.42004
9.28425
9.10949
9.24442
8.97881
8.93904
9.09623
8.96777
9.13523
9.13052
8.93775
8.64364
8.52763
9.21774
8.98819
9.00277
8.87462
9.21172
9.42183
9.29443
9.0878
9.14921
8.97831
8.9175
9.08178
9.15506
8.6032
8.51463
8.92807
8.98539
8.81723
8.86421
8.95561
9.15123
8.77057
8.47922
9.053
8.78933
8.88098
9.00387
9.43084
8.54798
9.02866
9.72924
8.99087
9.15612
9.14226
9.30868
9.24242
9.56924
9.5834
9.35764
9.27629
9.07192
9.57919
9.56497
9.00721
9.46788
9.00556
9.35671
9.31572
9.12876
9.93581
9.02073
9.37136
9.29983
9.5256
9.74705
9.28274
9.02758
9.59172
9.01951
9.51191
9.43722
9.37116
9.1678
9.48061
9.21416
9.2453
8.94609
9.25398
9.26451
9.11193
9.08938
9.20088
9.3385
9.33447
9.09119
9.25361
8.93139
9.12017
9.54065
9.33359
9.27036
9.10621
8.92952
8.96977
9.14575
9.27335
9.28139
9.00424
9.1458
9.49154
9.23733
8.72533
9.49152
9.10025
9.01212
8.89179
9.23798
8.87978
9.12067
9.0878
9.21651
9.3029
9.02803
9.30297
9.68151
8.8806
9.11056
9.26205
9.04905
9.09498
8.91071
8.75751
8.87298
9.09648
8.78813
8.81046
8.97744
8.80954
9.03206
8.85502
8.59698
8.71487
9.40027
9.34196
9.04953
9.2259
9.00773
8.51678
9.08764
8.95153
9.04974
9.03516
9.02073
8.99876
8.59202
9.43332
9.27879
9.29856
9.15043
9.35615
9.33462
9.3253
9.1719
9.39898
9.26638
9.46297
9.35319
9.1612
9.14644
9.28939
9.5432
9.2716
9.12945
9.4609
9.13531
8.80067
9.43333
9.1572
9.24294
9.38343
9.19054
9.67217
9.22095
9.19816
9.2196
8.88016
9.34516
9.00313
9.05392
8.72768
9.17214
8.82451
9.45729
9.39616
9.6078
9.13718
8.96126
8.94216
8.73596
9.09455
9.42036
9.4309
9.46397
9.09571
8.95469
9.17202
9.16394
8.9766
9.28786
9.15204
9.66707
9.15715
9.37642
8.86111
9.03232
9.41121
9.03799
9.05084
9.23158
9.07429
9.38332
0.0000