18.4441
18.0484
18.2451
18.7218
18.4808
18.4663
18.3796
18.6406
18.8268
18.2416
18.4613
18.3024
18.3522
18.7691
18.4609
18.6449
18.2354
18.492
18.2551
18.6813
18.5955
18.1791
18.5133
18.9279
17.9509
18.2775
18.3731
18.3556
18.4025
18.4836
18.171
18.4272
18.3698
18.0332
18.2797
18.2122
18.5471
18.0265
18.5255
18.2001
18.3691
18.104
17.954
18.1925
18.6461
18.2486
18.6871
18.1915
18.34
18.4494
17.8592
18.7114
18.2573
18.2011
18.3608
18.1943
18.5442
18.4288
18.6069
18.2936
18.3766
18.0618
18.5615
18.3499
18.4475
18.689
18.6516
18.5059
18.7672
18.8486
18.5633
18.3626
18.0142
18.533
18.753
18.0157
18.0068
17.9622
18.3361
18.1012
18.6135
18.1147
18.8168
18.525
18.5071
18.1815
18.0601
18.5341
18.1902
18.077
18.2076
17.9645
18.5139
18.1945
18.3117
18.2157
18.7969
18.2352
18.1892
18.1563
18.057
18.3416
18.2476
17.9591
18.2187
18.5435
18.3066
18.181
18.729
18.6001
18.3142
18.4708
18.0595
18.4938
18.0744
18.1694
18.3471
18.5357
18.5191
18.4138
18.4199
18.3269
18.0358
18.3959
18.0644
18.4125
18.6163
18.0766
18.1508
18.16
17.6729
18.3677
18.0689
18.0161
18.1233
18.0435
17.9947
18.2101
18.0187
17.6941
18.5374
18.2641
18.2991
18.147
18.4092
17.7685
17.9893
18.2199
18.0649
18.664
18.4156
18.0228
18.681
17.9427
18.4288
18.1914
18.4403
18.1215
18.0484
18.2386
18.0891
18.4041
18.1244
18.1287
17.8893
18.3172
18.5044
18.4088
18.4301
17.8757
18.2382
18.2181
18.0684
17.8646
18.0899
18.2601
18.4199
18.0964
18.3048
18.0243
18.0662
18.2519
18.7829
18.217
18.0331
18.2819
18.4684
18.2156
18.4155
17.9428
18.0755
18.0281
18.1959
18.1214
18.1691
17.7861
17.9245
18.2796
18.5611
18.3399
18.2763
18.1978
18.6053
18.0338
18.4652
18.5288
18.1669
18.4855
18.1185
18.0908
18.3801
17.8378
17.9054
18.2626
17.7072
18.2255
17.7198
18.1983
18.2247
18.3223
18.2985
18.4845
18.292
18.1812
18.4088
17.8367
18.4778
18.1893
18.4413
18.3053
18.3664
18.03
18.437
17.894
18.0984
18.4774
18.3435
18.2491
18.2657
18.2421
18.2484
18.3093
18.2415
17.9145
18.1935
17.9606
18.2305
18.0063
18.1494
18.3487
18.1686
17.908
17.8034
18.3891
18.0147
17.9098
18.1395
18.4901
18.0056
18.3205
18.041
18.6156
17.8853
18.0855
18.3878
18.4029
18.4705
18.0263
18.5637
18.6021
17.9244
18.4506
18.1285
18.4345
18.0758
18.2326
17.7402
18.2296
18.4412
17.9607
18.4191
18.1267
18.0291
18.0412
18.4489
18.1404
18.2025
18.0552
18.0687
18.1251
18.3795
18.1656
18.3974
18.491
18.2995
17.9846
18.108
18.3664
18.5361
18.2033
18.2555
18.0996
18.6017
18.0721
18.0352
18.2279
18.2382
18.2101
18.5351
18.1726
18.2912
18.2823
18.0315
18.1716
18.4783
17.888
18.1255
18.472
17.8793
18.2815
17.8656
17.9767
18.2239
18.6249
18.4009
18.1279
18.5813
18.6766
17.9563
18.3031
17.9158
18.2869
18.1213
18.2565
18.1504
18.2347
18.3322
18.3309
18.2055
18.0279
17.7924
18.3059
18.4558
18.2886
18.1168
18.0201
18.1159
18.3853
18.0529
18.5064
18.3586
17.9061
18.0304
18.0929
18.2377
18.4098
18.1772
18.2243
18.2408
18.1922
18.6928
18.1689
18.1667
17.8085
18.2696
17.9399
17.9483
18.0853
18.3923
18.5138
17.9569
18.4909
18.3892
18.0445
18.2649
18.3872
17.912
18.038
18.0728
18.175
18.1053
18.3098
17.8978
18.0955
18.1812
18.459
18.3946
18.0086
18.1006
17.5458
18.1596
18.108
18.2305
18.2541
18.3349
18.5684
18.446
18.1699
18.3551
18.3619
18.5699
17.8956
18.1229
18.8266
17.85
18.3365
18.461
18.0356
18.5397
18.5202
17.9571
18.4521
18.3827
18.1387
17.9889
18.2597
18.1252
18.7945
18.3445
18.1782
18.3368
18.3765
18.3681
18.6102
18.1901
18.8237
18.467
17.9519
18.569
18.5345
18.637
18.5845
18.4652
18.4538
18.4006
18.0969
18.478
18.4869
18.3708
18.4353
18.3324
18.4821
18.6832
18.2899
18.7331
18.3091
18.149
18.542
18.375
18.4455
18.1668
18.6532
18.046
18.6423
18.2376
18.2473
18.6201
18.3608
18.4062
18.6371
18.6912
18.024
18.3333
17.9949
18.4043
18.1777
18.155
18.4224
18.5108
18.4045
18.6199
18.2905
18.5384
18.6219
18.6241
18.1781
18.4769
18.3901
18.1544
18.198
18.1556
17.9665
18.3694
18.1783
18.4295
17.9302
18.2842
18.6045
18.2608
18.1446
18.3539
18.6395
18.427
18.6305
17.8615
18.336
18.1369
18.3061
18.504
17.9845
17.9121
18.1898
18.4583
18.2509
17.8899
18.4658
18.2699
17.6991
18.2515
17.6672
17.9364
18.1543
18.6072
18.2524
18.2063
18.1915
17.9825
18.1118
17.9997
18.0917
18.5886
18.02
18.6304
18.3647
18.5138
18.0129
18.3306
18.291
17.8238
18.4014
18.2078
18.1056
18.3544
18.1736
18.3916
18.3052
18.2738
17.7225
18.3875
17.9651
18.3756
18.1105
18.0793
18.3922
18.4052
18.4711
18.0885
18.2492
18.0471
18.1449
18.1615
18.5355
17.7861
17.7981
18.4643
18.0624
18.4975
17.9694
18.0546
17.9807
18.2425
18.3028
17.9662
18.6029
18.1795
18.1719
18.5978
18.1242
17.847
18.3879
18.0428
18.5317
18.1424
18.186
18.5536
18.3326
17.9115
18.0358
17.723
18.2118
18.6997
18.3535
18.0917
18.4753
18.4175
18.4159
18.3205
18.0717
18.1273
17.9454
17.8737
18.2101
17.8585
18.2027
17.9432
18.0554
18.4263
18.1192
18.5948
18.1043
18.2716
18.2881
18.4579
17.5697
18.9149
18.0822
18.5079
18.6123
18.2219
18.2665
17.9752
17.8785
18.8517
17.7484
17.8932
18.5744
18.2326
18.5227
18.0361
18.0362
17.978
17.6838
17.9162
18.4394
18.4161
18.1878
18.2049
18.7083
17.8184
18.2567
18.0465
18.3053
18.3004
17.9691
17.7759
18.2736
18.3551
18.3646
18.2639
17.8257
18.025
18.1549
18.575
18.3624
18.1964
18.1676
18.2078
17.9798
18.2192
18.1134
18.028
18.1408
18.3942
17.8801
17.8084
18.6413
18.3233
18.4659
17.9255
17.9145
18.1067
18.5817
18.0204
18.2247
18.4523
18.2115
18.2062
18.2918
18.3406
18.1056
17.7938
18.2707
18.3562
18.2558
18.1485
18.2299
18.3538
18.0711
18.602
18.2419
18.3286
17.9192
18.0049
18.5061
18.3456
18.5241
17.9423
18.2627
18.3659
18.5207
18.6489
18.5097
18.0222
18.3276
18.0281
17.9599
18.1761
18.4615
18.5229
18.4841
18.0671
18.4029
18.4383
18.4772
18.4319
18.0494
17.7758
18.1921
18.6025
18.2167
18.4833
18.3533
18.1299
18.0355
18.5807
18.2366
18.4219
18.2466
18.4851
18.5474
18.29
18.1333
17.8606
18.6506
18.2974
18.1166
18.0231
18.2524
17.9776
18.1399
18.2857
18.486
18.5913
18.1802
18.1964
18.2771
18.0156
18.3831
18.4968
18.0987
18.2265
18.0774
17.837
18.0246
17.8339
18.5307
18.1641
18.3241
18.5742
18.0548
18.2613
17.9903
18.116
18.2746
18.3537
18.3025
18.1942
17.9363
18.2629
18.3279
18.0659
18.4167
18.1961
17.9755
18.5463
18.1825
18.5768
18.6349
18.8286
18.3119
18.3972
18.4805
18.5432
18.9326
18.2194
18.5724
18.302
17.8792
18.4529
18.5581
17.8649
18.1306
18.3698
18.687
18.1505
18.4522
18.4178
18.4684
18.2024
18.5135
18.3655
18.5606
18.5017
18.1942
18.5488
18.4211
18.658
17.9596
18.4256
18.5961
18.6691
18.7847
18.6499
18.5169
18.3066
18.1898
18.3113
18.3383
18.0502
18.4507
18.507
17.9988
18.6647
18.1941
18.5942
18.7414
18.4527
18.5377
18.3516
18.5435
18.8287
18.4138
18.2477
18.6815
18.5616
18.3322
18.4896
17.9006
18.4565
18.1284
18.3109
18.3223
18.2695
18.545
18.3676
18.276
18.7575
17.5712
18.2473
18.5972
18.9717
18.4817
18.3992
18.3597
18.4931
18.4607
18.464
18.2243
18.2462
18.1221
18.3269
18.0377
18.3038
18.2689
18.2986
18.7751
17.9197
18.8554
18.3704
18.8326
18.5051
18.3399
18.3833
17.8426
18.0039
18.4827
18.3183
18.127
17.9886
18.3407
18.119
18.8844
18.3613
18.0791
18.279
18.1654
17.7439
18.3468
18.2087
18.1514
18.1441
17.8477
18.1214
18.5485
17.9073
18.5379
18.2182
17.8314
18.1828
18.2811
18.0259
18.451
18.3499
18.3479
18.0863
18.1107
18.2367
18.2743
18.4653
18.1006
18.7433
18.1322
18.1304
17.7671
18.1561
18.1779
18.5774
18.0942
18.0242
18.5667
18.1089
18.856
18.3577
18.4514
18.3156
18.5882
18.3778
18.0735
18.1236
18.4214
18.2536
18.5684
17.8937
18.5752
18.4982
18.2095
18.4644
17.9373
18.1332
18.2709
18.3597
17.8616
18.5966
18.123
18.1992
18.2715
17.9291
18.4279
18.4531
18.3683
18.4437
17.9849
18.551
18.2855
18.384
18.3931
18.6639
18.2184
18.645
18.2257
18.5116
17.9837
18.6149
17.7774
17.6176
18.1344
17.9301
18.5468
18.4762
18.2131
18.4115
18.089
18.2628
18.0603
18.4129
18.0571
18.1967
18.625
18.5543
18.4004
18.0901
17.9099
18.2539
18.0887
18.4886
18.1129
18.1063
18.2377
18.6043
18.6856
18.5011
18.5289
18.3885
18.2059
18.0619
18.2674
18.784
18.0984
17.9758
18.2395
18.2204
18.5713
17.9929
18.4483
18.1061
18.4691
18.3652
18.2921
18.0594
18.532
18.6512
18.1327
18.4882
18.696
17.9577
18.2546
18.0074
18.6099
17.885
18.2684
18.1661
18.5242
18.1762
18.2006
17.9534
18.445
18.0953
18.1081
18.4371
18.9441
17.9869
18.3494
18.3044
18.4604
17.9257
18.2477
18.4581
18.3054
18.1594
18.327
18.393
18.2225
18.3413
18.1762
18.6475
18.4971
18.6604
18.406
18.6721
18.1361
18.3601
18.2166
18.1179
17.8872
17.9912
18.2075
17.9913
17.8111
18.5898
18.3192
18.3339
18.5255
18.2285
18.2432
18.3864
18.5613
17.9453
18.502
18.4413
18.1348
18.0482
18.1686
18.153
18.0315
17.8189
18.1681
18.096
18.5125
18.2001
18.1681
18.2957
18.141
18.2191
18.5631
18.214
18.065
18.2955
18.6734
17.944
18.4648
17.9088
18.4828
18.1758
18.5082
18.2648
18.2262
18.54
17.9792
18.4078
18.3148
18.4219
18.252
18.1337
18.2228
18.1947
18.4591
18.0247
18.4121
17.9915
18.4606
18.1208
19.0597
18.0909
18.1113
18.2066
18.1942
18.3927
18.539
18.079
18.1635
18.2476
18.3901
18.4453
18.1425
18.1386
18.3773
18.2948
18.36
18.3614
18.1989
18.2778
17.9758
18.6359
18.6443
18.0084
18.3602
18.3409
18.3403
18.1871
18.5376
18.2657
17.9127
18.2515
18.5414
18.3284
18.1269
18.2055
18.3708
18.6442
18.3693
18.1195
18.309
18.782
18.3422
18.0263
18.3906
18.1624
18.4387
18.4524
18.4805
18.4156
18.2916
18.339
18.566
18.5279
18.4019
18.8143
18.5801
18.0164
17.915
18.1952
18.5187
18.3838
18.2856
18.5093
18.3965
18.4026
18.1628
18.626
18.5286
18.386
18.4713
18.5378
18.1703
18.2973
18.5773
18.3938
18.2105
18.4171
18.7617
18.2569
17.8564
18.2353
18.3491
18.0037
18.1793
18.547
18.4256
18.5138
18.0599
18.3452
18.494
18.2738
18.8754
18.3824
18.3961
18.2184
18.4935
18.2277
18.5814
18.2823
18.3143
18.1876
17.9992
18.574
18.6158
18.6889
18.045
18.2779
18.5855
18.2064
18.2947
18.3336
18.5451
17.7314
18.4997
18.2577
18.1484
18.1929
18.5255
17.9508
18.3705
18.4201
18.2632
18.4871
17.9931
18.3131
18.8108
18.5546
18.4325
18.3094
18.2938
18.2528
18.2868
18.175
18.4445
18.2472
17.9769
17.9894
18.2776
18.3825
17.9303
18.1176
18.3363
18.0047
18.3316
18.4987
18.4041
18.1636
18.2011
18.1018
18.3155
18.3031
17.9634
18.3888
17.9506
18.248
18.1957
18.1519
18.1599
18.0948
18.2296
18.1305
18.3162
18.4623
18.4143
18.4584
17.6847
18.1344
18.236
18.3933
18.2969
18.0812
18.027
18.721
18.1266
18.474
18.1519
18.5402
18.5534
18.2488
18.449
18.4379
18.1746
18.4466
17.9529
17.8562
18.532
18.4136
18.0739
18.2027
18.2542
18.5871
18.466
18.5438
18.5191
18.5478
18.6072
18.6421
18.1165
18.265
18.83
18.4268
18.628
18.4319
18.4246
18.6003
18.8213
18.4191
18.3142
18.5184
18.439
18.6456
18.425
18.5149
18.7526
18.3174
18.2834
18.5687
18.5806
18.6839
18.2136
17.8622
18.2386
17.995
18.112
18.3652
18.4152
18.0894
18.4205
18.081
18.8897
18.4128
18.6169
18.6092
18.486
18.9146
18.58
18.4707
18.7713
18.0222
18.4732
18.5975
18.5571
18.6828
18.5498
19.0093
18.2103
18.6024
18.595
18.8139
18.7459
18.0956
18.4336
18.2795
18.3927
18.5347
18.339
18.395
18.6636
18.4015
18.806
18.1925
18.6666
18.4862
18.8706
18.2824
18.209
18.115
18.6353
18.4823
17.9344
18.7706
18.4185
18.1288
18.6247
18.644
18.55
17.9341
18.5463
18.0737
17.9499
18.1055
18.3858
18.3007
18.1038
18.0543
18.4025
18.547
17.7804
18.1248
18.3195
18.1338
18.338
17.7259
17.9951
18.1447
18.4789
18.038
18.3694
18.1131
18.0762
17.6688
18.0436
18.3455
18.0873
18.1032
18.135
18.4439
18.5917
18.0298
18.4134
18.0043
17.7692
18.2662
18.169
17.9522
18.004
18.1126
18.2433
18.054
18.3646
18.1177
18.3228
17.9126
18.0935
18.1031
18.2593
18.3073
18.7424
18.0642
18.3049
18.372
18.1171
18.2097
18.2224
18.2932
17.9599
18.1875
17.8334
17.9576
18.2131
18.0895
18.2889
17.9388
18.3235
18.002
18.1344
18.2579
18.2118
18.113
18.2113
18.2367
18.1416
18.1028
18.3417
18.3962
18.0032
18.0543
18.4022
18.6634
18.1893
18.0585
18.5403
18.3281
18.6149
18.1963
18.6564
18.5017
18.4359
18.3019
18.3797
18.2414
18.6604
18.3282
18.282
18.2866
18.3159
17.7923
18.1749
18.7704
18.0267
18.5771
18.1346
18.2106
18.0282
18.6908
18.3832
18.373
18.1434
18.3988
18.2707
18.1669
18.4845
18.1606
18.4402
18.3107
18.0723
18.4063
18.1703
18.1966
18.1598
18.2844
18.2796
18.4192
18.3305
18.2757
17.9733
18.1863
18.4831
18.3533
18.2313
17.939
18.4942
18.2546
18.8425
18.3162
18.4686
18.2045
18.5503
18.5541
18.1992
17.9518
18.0309
18.3923
18.0443
18.5291
18.4312
18.5014
17.7334
18.4822
18.5925
18.628
18.0246
18.3232
17.8191
18.5679
18.1613
18.1801
18.2985
18.2673
18.1783
17.9908
18.4319
18.6084
18.5559
18.4471
18.1379
17.9914
18.4096
18.6371
17.959
18.306
18.0803
18.1768
18.1395
18.5299
18.2012
18.0214
18.2075
17.9192
18.0899
18.4203
18.0044
18.3565
17.8509
18.2486
18.3742
18.1312
17.8891
18.2648
17.7277
18.3459
18.2693
18.0859
18.5055
18.2813
18.1048
18.1817
18.1777
18.4509
18.2038
18.2883
18.0264
18.1515
17.856
17.9483
17.8286
18.1658
18.1037
18.0732
18.1361
18.0292
18.4681
18.4625
18.0987
18.1602
18.3221
18.4244
18.1952
18.393
18.1179
18.3237
17.8462
18.2148
18.2454
18.2374
18.0995
17.9242
18.0022
18.1271
18.2435
18.357
18.1873
17.6808
18.1846
18.3197
18.464
18.352
18.2146
17.9269
18.2195
17.8949
18.0195
18.3719
18.3386
17.9012
18.2541
17.8604
17.5285
18.1662
18.2476
18.3494
18.2755
18.1076
18.0706
18.3177
18.1644
18.604
18.313
18.4641
18.1616
18.8544
18.6136
17.866
18.3571
18.4393
18.2117
18.1178
18.0321
18.3845
18.029
18.5946
18.3559
18.1455
18.5202
18.365
18.2999
18.4061
18.1444
18.3716
17.9206
18.501
18.0379
18.0261
18.1737
18.3145
18.4461
18.2012
18.1764
18.2688
18.0994
18.1622
18.4171
18.3494
18.4961
18.1697
18.3734
18.5849
18.181
18.5257
18.2549
18.2201
18.0798
18.5482
18.128
18.4682
18.4556
18.4077
18.1525
18.4327
18.0778
18.1177
18.5214
18.3446
18.0715
18.0662
18.3548
18.3618
18.17
18.225
18.4088
18.8479
18.0994
18.1708
18.2459
18.3583
18.2192
18.209
18.2329
17.9146
18.15
17.5434
18.1254
18.1382
18.0768
18.3008
17.761
18.0286
18.3941
18.0851
18.1672
17.9111
18.3734
17.8289
18.2006
18.3284
18.4341
17.8961
17.9244
18.4331
17.9586
17.9715
18.1453
18.4982
18.2446
18.1083
18.0981
17.8722
17.4284
18.1575
17.9779
18.0592
18.1199
18.0975
17.7305
17.7839
18.2092
17.9339
18.2484
17.9536
17.7469
18.016
18.2111
18.1409
17.9971
18.4621
18.2017
18.3726
18.2507
18.2242
18.089
17.4765
17.9314
18.1586
17.8409
18.1634
18.0087
18.1507
18.211
18.076
18.684
17.5251
18.3153
18.3381
18.1313
17.8473
18.2025
17.959
18.0332
18.2578
17.9891
18.0005
17.8436
18.0054
17.9806
18.2659
18.2806
17.9409
18.0669
19.0139
17.729
18.3482
18.6108
17.9465
18.6182
18.422
18.406
18.0447
18.1946
18.0033
18.0444
18.0392
18.3762
18.1213
18.1009
17.9299
18.2418
18.0528
18.5599
18.456
18.0282
18.2789
18.0093
18.6047
18.5226
17.9171
18.1678
17.9044
18.3579
18.4053
18.0353
18.4523
18.0167
18.5517
18.3795
17.9956
17.8816
18.3615
18.0063
17.8272
18.1727
17.7693
17.9104
18.2546
18.4116
18.3554
18.7094
18.043
18.373
18.2746
18.0591
18.4001
18.5527
18.3717
18.4009
17.6567
17.8696
18.4124
18.3823
18.0671
18.2575
18.3424
18.3694
18.2245
17.8883
17.9811
18.3245
18.2952
18.2633
17.8387
18.1245
18.4997
18.211
18.6705
18.3715
18.2674
18.2546
18.0881
17.9497
18.2563
18.128
18.4717
18.2448
18.3019
18.2413
17.8899
17.9631
18.4341
18.0242
18.492
18.0781
18.1453
18.4129
18.4511
17.9654
18.041
18.5774
18.1738
18.0985
18.3149
18.2394
18.1247
18.2677
18.515
17.9347
18.1068
18.2548
18.437
18.3859
18.1484
18.2022
18.196
17.7907
17.8512
17.7659
18.5174
17.993
18.0863
18.0481
18.4398
18.3022
18.2837
18.4806
18.432
18.0774
18.1533
17.6561
18.496
18.0912
18.2562
18.433
18.4799
18.5037
18.1113
17.8427
18.8091
17.9148
18.3842
18.2459
18.159
18.4611
18.4949
18.4003
18.3291
18.5351
18.223
18.4594
18.2559
18.5937
17.7503
18.2855
18.2355
18.1113
18.3061
18.0377
17.866
17.9887
18.4532
17.8442
17.9098
18.1174
17.9627
17.9546
18.1232
17.6511
17.8276
17.997
17.9436
17.9391
18.0641
18.003
17.9495
17.6596
18.3497
17.7137
17.7137
18.2636
18.4472
18.067
18.0505
18.1751
18.1494
17.7084
17.8241
18.127
17.7012
18.1319
18.0331
18.2199
18.0125
17.8251
17.5075
18.413
17.8374
18.0702
17.9272
17.6465
17.8224
18.0333
17.9678
18.1393
18.0645
17.8976
17.7745
18.0367
18.0529
18.0795
17.8232
17.5729
18.0041
18.3332
17.7769
18.1053
18.0177
18.1187
17.9243
17.9455
17.8938
17.8263
17.936
18.2262
17.7975
17.977
18.0498
18.0012
17.9181
18.1688
18.2392
18.1177
18.0457
17.8901
17.9223
18.0403
18.1368
18.2881
18.1305
18.6768
18.3815
18.3268
18.1518
17.8719
18.3425
18.5595
18.4633
18.4946
18.0193
18.8959
18.3827
18.1723
18.5573
18.2501
17.7896
18.2324
18.1553
18.1037
18.333
18.1169
18.0598
18.1084
18.1506
18.4992
18.2762
18.2126
18.0913
18.5953
17.8846
18.2424
18.0575
18.1298
18.0466
17.9263
18.2731
18.1114
17.8897
18.1732
18.5199
18.2394
18.3963
18.6442
18.427
18.5577
18.2123
18.1744
17.9906
18.191
18.3098
18.2616
18.2887
18.4576
18.3686
18.3178
18.0677
18.4061
18.3393
18.3008
18.1745
18.6634
18.3296
18.2156
18.3281
18.5252
18.3444
18.4401
18.0445
18.3685
18.1093
18.1313
17.9545
18.3336
18.3249
18.6758
18.1377
18.0339
18.558
17.7908
18.2577
18.2842
18.3252
18.37
18.5946
18.0366
18.391
18.5
18.2909
18.3941
18.1546
18.1127
18.4941
18.1608
18.18
18.4877
18.5074
18.16
18.2644
17.9556
18.1132
18.3406
18.0337
18.5988
18.1911
18.2669
18.4162
17.892
18.539
18.0153
18.3317
18.2975
18.1287
18.2091
17.998
18.229
18.1825
18.2092
18.3235
18.296
18.1089
18.0416
18.4708
18.5094
18.5384
18.4806
18.3651
18.2189
18.5909
18.3126
18.425
18.1754
18.1615
18.3272
18.2675
18.3831
18.4551
18.4776
18.2322
18.3754
18.0477
18.5282
18.166
18.7166
18.4074
18.5529
18.3831
18.4338
18.7053
18.4449
18.136
18.5265
17.9551
17.8234
18.112
18.3117
17.8381
17.8104
18.4196
18.2399
17.9565
17.996
17.9534
18.4732
18.158
17.8446
18.1085
18.1627
18.5323
17.9591
18.0697
18.1742
18.2135
18.1434
17.8772
18.1364
17.8182
18.0974
18.489
17.9857
18.1576
18.0261
18.3297
17.7212
17.9338
18.014
17.9374
18.1027
17.7363
18.1794
18.1261
18.2642
17.9952
17.6125
18.0679
18.1069
17.9188
18.0453
18.2286
18.0207
18.099
18.0523
17.9278
18.0378
18.4192
17.6616
18.0315
18.14
17.9187
17.9078
17.7528
17.5974
18.0285
18.1536
18.0176
17.9114
18.1513
18.0199
18.1219
17.9185
18.1879
17.7512
18.1712
18.0649
18.3521
18.0456
17.9287
18.0334
18.2594
18.5219
18.3447
18.3349
18.2517
18.5345
18.3014
18.4466
18.2223
18.2023
18.6733
18.1738
18.5977
18.2407
18.2851
18.5608
18.1468
18.1288
17.8827
18.4924
18.0811
18.407
18.3863
18.4949
18.1768
18.4701
17.9677
18.7209
18.0714
18.0738
18.2644
18.1322
18.3864
18.1278
18.2499
18.607
18.1645
18.2161
18.2387
18.6429
18.096
18.5234
18.4732
18.4723
18.008
18.3261
17.7887
18.6745
18.1802
18.829
18.0337
18.3935
18.4858
18.4303
18.1485
18.3515
18.3473
18.3607
18.424
18.3638
18.5768
18.2729
18.2274
18.3607
18.3042
18.2827
18.1656
18.3247
18.6177
18.4436
18.4081
18.1513
18.3594
18.2614
18.207
18.0226
18.4129
18.0665
18.2068
18.1408
18.4257
17.7103
18.1934
18.6345
18.0745
18.7152
18.3977
18.3922
18.1432
17.9282
18.0737
18.2528
18.3257
18.095
18.1046
18.2663
18.2681
18.1983
17.977
18.1315
18.3462
18.0732
18.1435
18.1574
18.2581
18.5063
18.1468
18.1459
18.5251
18.044
18.3433
18.4139
18.2754
18.4184
18.5747
18.5253
18.3267
18.1672
18.5587
18.323
18.1154
18.2958
17.8044
18.0711
18.3135
18.1705
18.2908
18.1499
18.1716
18.178
18.8527
18.2627
18.3738
18.2084
18.2616
17.9484
18.3797
18.5079
18.6482
18.1627
18.6269
17.9788
18.215
18.1404
18.2906
18.4145
18.486
18.2982
18.0071
18.1699
18.5986
18.4005
18.1545
18.1897
18.6033
17.9722
18.2597
18.4394
18.1749
18.2702
18.0955
18.2212
17.9783
18.3097
18.1728
18.2031
18.2195
18.3783
18.1979
17.8105
17.8984
18.0868
18.4968
18.1839
18.0974
18.2623
18.3726
18.3492
18.1154
18.4949
18.6258
18.3988
18.1778
18.2663
17.8281
17.94
18.4127
17.9651
18.3249
18.3392
18.0201
18.4695
18.4139
17.9537
18.6336
18.1294
18.0953
17.7787
18.4363
18.3301
18.3102
18.223
18.1237
18.1816
18.0053
18.6721
18.4544
18.277
18.4736
18.1021
18.0132
18.3733
18.0944
18.0228
18.3613
18.2243
18.2159
18.1817
18.0989
18.3631
18.2067
18.0782
18.1895
17.9994
17.9906
18.3343
17.9306
18.6647
18.1852
17.7937
18.1557
17.9824
18.306
17.9808
17.9486
18.2108
18.3143
18.3205
18.2526
18.4481
18.4987
18.2315
18.1518
18.2505
18.0465
18.1809
18.6196
18.2791
18.6978
18.3906
18.1959
18.3407
17.8453
18.1781
18.7795
18.3505
18.4903
18.1763
18.5226
17.7802
18.4324
18.1331
18.5671
17.6765
18.1964
18.6158
18.0632
18.5051
18.4294
18.4794
18.3002
18.5573
18.1022
18.31
18.4134
17.6174
18.4797
18.4745
18.3635
17.7966
17.6083
18.2483
18.2283
18.1294
18.5779
18.7037
18.2278
18.0326
18.3223
18.1431
18.3972
17.8822
18.0397
18.2003
18.2656
17.9573
18.1519
18.1859
18.005
18.5564
18.0233
18.2167
18.226
18.2509
18.1418
18.2493
18.3952
18.6454
17.7763
18.2889
18.0254
17.9242
18.7766
18.0447
18.1572
17.9167
18.3418
17.9456
18.2892
17.8685
18.4418
18.305
18.0174
17.9405
17.9334
18.4262
17.665
18.3123
18.2586
18.343
18.2845
18.681
18.2771
18.206
18.3324
18.368
18.2542
18.4043
18.4324
18.4466
18.1003
18.4016
18.6139
18.0407
18.2717
18.4603
18.2283
18.0763
18.3421
18.2032
18.292
18.1193
18.1633
18.3393
18.1556
18.4298
18.1124
18.3057
18.5348
17.8797
18.6322
18.2706
18.2882
18.2639
18.0306
18.1774
17.8987
18.2051
17.6636
18.2555
17.9311
18.0007
18.0062
18.7365
17.9431
18.0584
17.8821
18.0207
17.8963
18.1306
18.2536
18.4128
18.6804
18.2157
18.4815
18.2136
18.4032
18.1877
17.8911
18.351
17.9867
18.4425
17.8686
18.1353
17.493
18.0336
17.8363
18.2657
17.8483
18.0743
17.9611
18.0704
18.0966
18.2098
18.2893
18.448
17.9432
18.5987
18.4452
17.7409
17.5638
18.2849
17.6432
18.2681
18.2537
18.4695
18.2516
18.4274
18.6664
18.1203
18.0267
18.6105
18.4661
17.9837
18.5799
18.538
18.3167
18.3833
18.3558
18.2102
18.9311
18.6673
18.3794
18.5922
18.3651
18.3021
18.1018
18.3658
17.6419
18.5938
18.6339
18.3428
18.4667
18.0035
18.4513
18.1122
17.8628
18.2315
17.8375
18.408
18.1634
18.2492
18.2501
18.4332
18.0185
18.7211
18.3091
18.4516
18.0082
18.4158
18.4771
18.3543
18.2374
18.2143
18.6049
18.1341
18.9703
17.8667
18.2845
18.2794
18.5426
18.588
18.0742
18.401
18.1992
18.2867
18.0221
18.4715
18.1319
18.0794
18.617
18.3651
18.1223
18.1576
18.0833
18.1133
18.2464
18.7208
18.1143
18.4448
18.2486
18.4031
18.4377
18.1949
18.4873
17.8598
18.5025
18.5072
18.2127
18.0913
18.4032
18.0596
18.2455
18.3811
18.1794
18.2798
18.761
18.3658
18.4358
18.3089
18.3951
18.1256
18.1644
18.2619
18.1592
18.3162
18.245
18.0951
18.5229
18.3302
18.3233
18.4311
18.2957
18.3355
18.0782
18.1728
18.2596
18.3732
18.1367
18.34
18.379
18.2975
18.5437
18.1937
18.332
18.366
18.4879
18.2943
18.583
18.34
18.3853
18.6131
18.1871
18.4455
18.1752
18.4378
18.9107
18.3113
18.4373
18.0815
18.2129
18.2406
18.2568
18.3061
18.154
18.1829
18.3712
18.2189
17.5546
18.3187
18.331
18.2313
18.312
18.4028
17.921
18.0256
18.0488
18.0323
18.5671
17.8444
18.1878
17.8998
17.8318
18.106
18.1468
18.0283
18.2896
18.162
17.9368
18.5703
17.9745
18.3789
18.6303
18.2754
18.3756
18.061
18.4517
18.1819
17.952
17.9242
18.4154
18.4078
17.8021
18.2251
17.9833
18.4253
18.232
18.4453
18.2818
18.0528
18.4276
18.5449
18.5521
18.0707
18.1054
17.8993
18.1199
18.4838
18.1781
18.463
18.4458
18.3613
17.9344
18.2237
17.8731
17.7103
18.3969
18.3649
17.8903
18.5465
18.2943
18.3861
18.2758
18.4824
18.1931
18.4572
18.6132
18.4632
18.2344
18.5914
18.2274
18.4904
18.6459
18.5014
17.9969
18.1013
18.0984
18.1073
18.1596
18.3108
18.4928
18.1656
18.1374
18.2771
18.1892
18.5805
18.5141
18.229
18.3682
18.5393
18.202
18.4217
18.1766
18.0778
18.4528
18.1248
18.2527
18.438
18.2289
18.2033
18.3881
18.5078
18.38
18.168
18.5017
18.5565
18.1558
18.3811
18.2294
18.6204
18.4204
17.6727
17.9966
18.044
18.3308
18.0591
18.2291
18.091
18.187
17.9944
18.4969
17.9928
18.1906
18.3432
18.2877
18.2288
18.4821
18.1427
17.9043
18.2028
18.4222
18.2291
18.0818
17.9958
17.7972
18.4883
18.322
18.075
18.4034
18.4632
18.2313
18.0056
18.0675
18.295
18.2538
18.1675
18.3108
18.2304
18.0666
18.2684
18.4774
18.4428
18.3302
18.2251
18.2694
18.4887
17.8576
18.3259
18.3007
18.4073
18.0909
18.1623
18.472
18.4882
18.3796
18.1073
18.2824
18.2081
18.4327
18.07
18.125
17.8775
18.0174
18.3483
18.1185
18.047
18.3124
18.3313
18.0732
18.256
18.4629
18.2046
18.1292
18.243
18.3536
18.591
18.3018
17.6531
18.4405
18.1807
18.2035
18.5397
18.2807
18.3937
18.0952
18.4581
18.1613
18.5009
18.3601
18.4277
18.4206
18.4253
18.1006
17.8981
18.2769
18.1155
18.3196
18.3726
18.3097
18.4334
18.1509
18.4661
18.1942
18.4797
17.9375
18.4232
18.235
18.3178
18.1223
18.2224
17.8889
18.0947
18.3313
17.9232
18.1877
18.2953
18.3616
17.8917
18.0452
18.8282
18.1191
18.1504
18.3453
18.2127
18.5261
18.4824
18.2009
18.4394
18.1861
18.1514
18.5808
18.4649
18.5592
18.1279
17.6816
18.4022
18.1174
17.7976
17.8043
18.335
18.0575
18.3917
18.3178
18.4768
18.2483
18.2781
18.0969
18.2292
17.9534
18.1427
18.1829
18.1192
17.8317
18.2196
18.0894
18.0932
17.9896
18.3227
18.1764
18.4863
18.3516
18.2293
18.2775
18.0949
18.4617
18.508
18.6982
18.3456
18.4544
17.6653
18.27
18.3551
18.046
18.0312
18.2523
18.3785
17.7665
18.3861
18.0469
17.9735
18.2824
18.4731
17.8289
18.2916
17.8538
18.3104
18.2077
17.6956
18.3567
18.4225
18.2366
18.3317
18.3494
18.301
17.8678
18.3372
18.1725
18.2102
18.0825
18.0186
18.2526
18.4064
18.0021
18.4497
18.2925
18.1231
17.8441
18.4308
18.32
18.3973
18.0219
18.2928
18.1184
18.2733
18.0033
18.4009
18.2369
18.1619
18.3585
18.0853
18.2775
18.6042
18.2317
18.4117
18.3955
18.2604
18.475
17.916
18.1891
18.2096
18.3287
18.1526
17.8732
18.1844
17.7706
18.4392
18.2714
18.2658
18.4464
18.2874
18.4502
18.1682
17.9952
18.015
17.8697
18.2333
18.1746
18.4592
18.2574
18.1511
18.1369
18.3002
18.5812
18.5917
18.0834
18.1782
18.5256
18.2104
18.0293
18.1355
18.2177
18.2288
18.7828
18.4466
18.3625
18.2465
18.5835
17.9949
18.3979
18.3894
18.4028
17.7725
18.7273
18.1234
18.2985
18.259
18.314
18.431
18.6074
18.7839
18.1818
18.5177
18.8022
18.3912
18.46
18.8565
18.0276
18.2814
18.0058
18.4773
17.9974
18.3162
18.5123
18.1961
18.2863
18.0908
18.5232
18.6231
18.227
18.1925
18.2777
18.2043
18.5177
18.3865
18.5584
17.9267
18.0068
18.3904
18.0649
18.0837
18.3991
18.5194
18.8359
18.2845
17.9011
17.972
18.2784
18.4131
18.2274
18.5805
18.1802
18.362
18.1464
18.4205
18.4561
18.3185
18.2581
18.0648
18.1234
18.3626
18.1941
18.1057
18.4452
18.2234
18.2288
18.0677
18.0829
18.2203
18.203
18.4233
18.2391
18.0398
18.0809
18.4193
18.7053
18.2998
18.4401
18.6045
18.2822
17.9613
18.2352
18.274
18.5652
17.8417
18.5924
18.0102
18.1182
18.5773
18.2539
18.2554
18.1277
18.02
18.1072
18.4479
17.9077
18.4245
18.3545
18.4628
18.5172
18.5451
18.1631
18.3221
18.0176
18.2595
17.8371
17.7857
18.3755
18.0276
17.9091
17.6359
18.0417
18.0088
18.1508
18.3156
18.2464
18.0225
18.0824
17.9786
17.711
18.3979
17.5872
18.2462
17.9407
18.0437
18.2343
18.1481
18.2876
18.0733
17.8672
18.4253
18.1326
17.8685
18.0743
17.8546
18.2056
18.056
17.7521
18.0931
17.6353
17.8328
17.9348
18.0802
17.8094
18.2426
18.2492
17.9477
17.8825
17.8581
17.8799
18.2516
18.1597
17.8714
17.8401
17.7828
18.0816
17.9554
17.9813
18.1284
17.8951
17.6291
18.4612
18.4395
18.5722
18.419
18.3749
18.1338
18.2165
18.3398
18.4669
18.3802
18.2317
18.1195
18.1804
18.505
17.8179
18.2126
18.2868
18.1251
18.3829
18.4289
18.2135
18.5075
18.7377
18.3613
18.5689
18.1941
18.5487
18.5856
18.1698
18.194
18.218
18.1792
18.2384
18.4585
18.1099
18.4572
18.1097
18.6209
18.3428
18.4376
18.68
18.4435
17.9671
18.1227
18.2094
18.0917
18.3732
18.2605
18.3486
18.3655
18.0141
18.4419
18.0876
18.2359
18.264
18.3532
18.07
18.1624
18.4101
17.8562
18.2152
18.5196
18.7463
18.2922
18.4946
17.972
18.4751
17.9585
18.1196
18.0753
17.9095
17.9978
18.1432
18.1801
18.3245
18.5338
18.078
18.1254
18.0725
18.3098
18.4424
18.8952
18.3174
18.3045
18.1191
17.8802
18.2832
18.3719
18.2088
17.989
18.3017
17.7176
18.1675
18.1394
18.2595
18.2785
18.7444
18.1668
18.5704
18.166
18.0346
17.9529
18.0644
18.1031
18.1016
18.1388
18.2833
18.2547
18.1815
18.3085
17.9634
18.5244
18.284
18.2748
18.16
18.1125
18.3496
17.8684
18.1171
18.2901
18.1491
17.916
18.1908
18.0608
18.622
17.9284
18.4514
18.8488
18.4541
18.0854
18.1556
18.3677
18.6531
18.8781
18.1035
18.3939
18.4533
18.2878
18.4044
17.9307
18.3564
18.3116
18.3898
18.2078
18.358
18.0356
18.2926
17.9955
18.3763
18.3791
18.5075
18.2507
17.9712
18.5057
18.0285
18.429
18.1823
18.668
18.4618
18.1579
18.4833
18.6073
18.6929
18.0714
18.2216
18.3661
18.1601
17.7821
18.0795
17.9733
18.5428
18.2531
18.2959
18.2364
18.3491
18.239
17.9784
18.2848
18.3249
18.2398
18.1876
18.2499
18.2718
18.5918
17.9549
18.3429
18.4471
18.5805
18.3279
18.1521
18.1971
17.9593
18.4228
18.2419
18.2177
18.2805
17.9874
18.646
18.3719
18.2618
18.3956
18.4638
18.2192
18.1768
18.0084
18.2452
18.3157
17.8439
18.2107
17.8725
18.3965
18.3653
18.0217
18.3317
18.518
18.159
18.3148
18.0366
18.4367
18.2638
18.1224
18.4535
17.8631
18.3466
18.4725
18.3086
18.0688
18.3313
18.3289
18.3345
18.2484
17.7104
18.3224
17.9234
18.6603
18.5462
18.4207
18.337
17.9917
18.3526
18.2653
18.3591
18.4466
18.4182
18.3252
18.2635
18.1804
18.2932
18.2021
18.6826
18.0401
18.4191
18.1131
18.289
18.6577
18.1278
18.3075
18.0544
18.6538
18.1693
18.3776
18.1807
18.411
18.0695
18.3638
18.3777
18.6675
18.3959
18.1374
18.1702
17.9917
17.9599
18.0285
18.1506
18.1643
17.7874
18.4933
18.3319
18.0011
17.6704
18.3712
18.3507
17.8438
18.3849
18.0647
18.1703
18.0576
18.5223
18.6674
18.3211
18.1195
18.4515
18.5292
18.0263
17.9601
18.1871
18.3537
18.1036
18.1226
17.7005
18.3097
17.9002
18.6589
18.1103
18.2185
18.5882
18.2147
17.9406
18.1165
18.2576
18.3104
18.2373
18.2282
18.4573
18.2
18.1158
18.1777
18.3612
17.9461
18.0599
17.83
18.042
18.12
18.21
18.1158
17.9886
17.8921
18.0912
18.4452
17.7241
17.7636
18.2172
18.279
18.1541
18.058
18.0822
18.0187
18.0393
18.1339
18.1151
18.2118
18.529
18.597
17.7729
17.9724
17.8572
18.5082
18.1602
18.183
17.8698
18.2924
17.7434
18.1361
17.7129
18.242
18.1302
17.9422
17.6158
18.2364
18.0439
17.904
18.5043
17.9501
18.0391
18.0823
17.9564
18.1847
18.3056
18.5148
18.3519
17.5389
17.868
18.1439
18.1383
18.2691
18.4208
18.2224
18.0883
17.9096
18.5696
18.1419
18.3186
17.9621
18.0336
18.2361
18.3492
18.1715
18.1824
18.1657
18.2905
18.3022
18.0222
17.807
18.1396
17.9819
18.3415
18.0399
17.9113
18.0827
17.8966
17.895
18.3676
18.1567
18.0116
18.1716
18.0251
18.0507
18.1778
18.2975
17.9066
18.0811
18.2124
18.2241
17.9654
18.5153
18.102
18.3745
18.0284
18.0412
18.3741
18.3312
18.135
18.1976
18.3832
18.6791
18.2276
18.3559
18.0813
18.3312
18.232
18.1285
18.088
18.1918
17.9935
18.4931
18.5407
18.1786
18.4462
18.1312
18.1016
18.4257
18.0503
18.4134
18.52
17.6624
18.1723
18.4593
18.1147
18.0095
18.826
17.7015
18.5028
18.1056
18.4221
18.3
18.1439
18.3085
17.989
18.4164
18.33
18.0416
17.8554
18.1538
18.6059
18.4273
18.4886
18.2713
18.5028
18.4294
18.4657
18.4212
18.6622
18.419
18.2417
19.2212
18.0635
18.0428
18.2081
18.3068
18.6222
18.6746
18.5346
18.3318
18.6806
18.3271
18.3774
18.3355
18.4887
18.2153
18.1469
18.3255
17.9451
18.6096
18.0831
18.4185
17.9295
18.5549
18.238
18.5661
18.9436
18.2958
17.9505
18.177
18.4642
18.5114
18.3497
17.9726
18.1233
18.1039
18.0791
18.3486
18.4493
18.4786
18.8455
18.3695
17.8864
18.1593
18.0768
18.3823
17.976
18.1542
18.1029
18.0593
18.383
18.0346
18.0552
18.137
18.2289
18.4462
18.4925
18.2222
18.1907
18.5451
18.0374
17.8846
18.4894
18.2926
18.0903
18.0263
17.8475
18.1083
18.2514
18.6141
17.4624
18.2627
18.0527
18.7122
18.0479
18.1
18.1429
18.1337
18.0072
18.4747
18.0609
18.117
18.2182
18.0393
18.107
17.9829
18.3463
18.334
18.1135
18.0573
18.2424
17.9148
18.2615
18.3187
18.1004
18.0646
18.3271
17.9861
18.0544
18.4927
17.8596
17.7317
17.9338
18.3549
17.8848
18.0918
18.2109
18.2947
18.3247
18.2473
18.3684
18.1294
18.2202
18.0766
18.4141
17.9365
18.5174
18.3844
18.4501
17.994
17.8641
18.4509
18.1751
18.5166
18.5413
17.8858
18.1648
18.3702
18.319
18.7207
18.314
18.1453
18.2563
18.2789
18.2747
18.4933
18.4243
18.5215
18.0625
18.4193
17.9853
18.3483
18.3552
18.3035
18.5957
18.6752
18.3056
18.3142
18.4629
18.3257
18.461
18.6409
18.4658
18.269
18.2626
18.0613
18.5601
18.2715
18.232
18.292
18.489
18.2578
18.6768
18.5025
18.3421
18.4807
18.2033
18.1708
18.3296
18.1432
18.216
18.5326
18.5817
18.6035
18.4656
18.515
18.1096
18.2432
17.6722
18.1156
18.3049
17.9015
18.4479
18.5457
18.1711
18.0666
18.189
18.1729
18.479
18.2983
18.0134
18.2385
17.5479
18.3907
18.1686
17.9022
18.1653
17.9506
17.7398
17.8469
18.1603
18.3467
18.181
18.1039
18.0468
18.8652
18.007
18.2217
18.4482
18.1959
17.82
18.0002
18.3315
17.9363
17.8457
18.311
18.2109
18.1627
17.8604
18.1984
17.6672
18.3965
18.4933
18.1188
18.3464
18.3316
18.2695
18.1359
18.2474
18.2935
18.2565
18.2481
18.1972
18.3229
17.9623
18.2533
18.1718
18.4478
18.2027
18.0364
18.191
18.3111
18.2424
18.3611
18.3166
18.1926
18.4539
18.1861
18.4858
18.2531
18.1643
18.1708
18.7775
18.2927
18.3757
18.371
18.355
17.91
18.3502
18.1565
18.4801
18.1282
18.0453
18.002
17.9256
18.027
18.0694
18.1698
18.1421
17.8795
18.0315
18.1914
17.8859
18.1607
18.0988
17.8803
17.9111
18.1072
17.7527
17.8524
18.1423
17.7593
18.1046
18.0379
18.2632
17.9631
18.0389
18.1143
18.0785
18.0892
17.9401
17.9275
17.5726
18.2841
17.9218
18.1761
17.9414
18.0792
18.3892
17.9613
18.1352
18.1579
17.993
18.1187
18.1036
18.6246
18.2883
18.2956
17.9401
18.3973
18.4454
18.4049
18.5258
18.4575
19.0538
18.3303
18.3564
17.903
18.5068
18.5132
18.698
18.3277
18.4101
18.1759
18.2741
17.9472
18.0697
18.5896
18.7296
17.9646
18.2669
18.1714
18.1456
18.7256
18.4577
18.4566
18.0721
18.2333
18.3859
18.3958
18.401
18.0439
18.0791
17.6407
18.5577
18.013
18.1769
17.9258
18.1089
18.1034
18.3275
18.1788
18.4062
18.4159
18.0119
18.1671
17.8965
18.3975
17.9421
17.8144
17.6242
17.9675
17.7094
18.3567
17.7173
17.9786
18.2477
18.1631
18.0358
18.0153
18.0166
18.2513
18.2849
18.214
18.2386
17.7167
18.1042
18.3231
18.3513
18.2952
18.0637
18.0851
17.9673
18.2498
17.9044
18.3723
18.3105
18.1084
18.1774
17.9093
18.2368
18.478
17.6099
18.1579
18.2732
18.182
17.9104
17.7917
17.7626
18.0636
18.105
17.9053
17.5797
18.2964
18.3391
18.3072
17.9216
17.797
17.9886
18.0998
17.7927
18.3053
18.1281
17.8679
17.7416
18.2996
18.2518
18.0717
18.1912
17.9859
18.0859
18.1871
17.7487
18.493
18.241
18.235
18.1971
17.8761
18.103
18.1748
18.1715
18.0354
18.4346
18.1359
17.9758
18.1589
18.3599
18.2322
18.3982
18.6235
17.8909
18.4107
18.4691
17.9124
18.3025
17.8843
18.0189
17.7874
17.8304
18.5154
17.9905
18.2823
18.5853
18.3072
18.066
18.0021
17.7228
18.1721
18.3669
17.9857
18.1065
18.1766
18.5982
18.3383
18.3623
18.0319
17.9795
18.2657
18.4561
18.0169
18.1201
18.0839
18.7861
18.3923
18.2265
18.1406
18.2485
18.6758
18.2303
18.2555
18.0908
17.8994
18.1656
18.1373
18.4746
18.5301
18.0502
17.9069
18.5792
18.4329
18.5014
17.9724
17.8
18.1933
18.6523
18.6012
18.5985
18.3192
18.5521
18.2431
18.5255
18.2506
18.3238
18.3143
18.0079
17.9212
18.3934
18.6392
18.1914
18.6193
17.941
18.3321
18.3374
18.3742
18.134
18.7435
18.2658
17.9187
18.3722
18.0132
18.069
18.0727
18.5057
18.3883
18.6979
18.5488
18.377
18.0954
18.1246
18.4483
18.3359
17.9296
18.3836
18.3444
17.8895
18.096
18.3476
18.1316
18.5408
18.364
17.9631
18.54
18.0616
18.818
18.0471
18.3877
18.4721
18.6012
17.9562
17.9714
18.2681
18.5349
18.192
18.1346
18.4328
18.5594
18.0699
18.4007
18.3401
18.1283
18.2183
18.4214
18.3
18.2784
18.7223
18.3668
18.2526
18.5353
18.3768
17.959
18.138
18.4226
18.8468
17.8778
18.09
18.0842
18.4219
18.1537
18.2475
18.3739
18.353
18.2586
18.4775
17.7943
17.9419
18.5518
18.4856
18.5526
18.3652
18.5589
18.2736
18.5372
18.2565
18.1157
18.1113
17.7836
18.3445
18.1622
18.1704
17.961
18.1505
18.5139
18.5765
18.1285
18.1298
18.4145
18.2576
18.1696
18.6112
18.2582
18.5094
18.2991
18.2676
18.2942
18.4188
18.5145
18.2315
18.2741
18.2413
18.026
18.0255
18.2341
18.3892
18.5449
18.0664
18.5478
18.0919
18.2709
18.8027
18.3712
18.2407
18.3313
18.8161
17.9979
18.6266
18.3011
18.2537
18.4637
18.4309
18.6147
18.2949
18.5194
18.738
18.1653
18.2208
18.4915
18.4509
18.5841
18.3347
18.3621
18.699
18.3282
18.4007
18.27
18.4415
18.1714
18.2089
18.0865
18.3345
18.2415
18.1509
18.312
18.5378
18.5378
18.0268
18.3755
17.957
18.1364
18.4346
18.5002
18.3786
18.1632
18.3364
18.5422
18.2075
18.089
17.6464
18.2663
18.3708
18.3639
18.1428
18.1825
18.2922
18.6838
18.0746
18.2068
17.9778
18.1841
18.79
17.902
18.4545
18.3714
18.3518
18.4092
18.606
18.5241
18.3643
18.4088
18.4991
18.4261
18.5155
18.5078
18.6952
18.1327
18.485
18.51
18.3026
18.1807
18.4681
18.6649
18.153
18.3544
18.7895
18.6098
18.1369
18.2658
18.5799
18.2285
18.035
18.1981
17.9187
17.8223
18.2073
18.0003
18.4665
18.3954
18.1391
18.1576
18.5605
18.1979
18.4515
18.1963
18.4962
18.4399
18.1464
18.4819
18.4096
18.327
18.3367
18.1065
18.2967
18.8274
18.4755
18.3315
18.0503
18.3612
17.9819
18.1972
18.1179
18.2811
18.3184
17.9197
17.6331
18.1245
17.9379
18.5174
17.7388
18.1302
17.8685
18.1801
18.3096
18.3626
17.8203
18.0455
18.2545
17.9735
18.0181
18.3425
18.4407
18.0785
18.2919
18.4581
18.2667
18.2145
17.9587
18.1725
18.1999
18.4247
17.9169
18.1525
18.0671
18.1462
17.9588
18.427
18.023
18.0873
17.9751
18.4104
18.0615
18.5566
18.2844
17.9976
18.0224
18.0879
18.1704
18.281
18.4238
17.7798
18.5861
18.2462
18.6127
18.0266
18.3372
17.987
18.597
17.7915
18.2407
18.2341
18.4605
18.1448
17.9995
18.43
17.9131
18.1179
18.0777
18.1824
18.2713
18.0206
18.3039
18.2765
17.8062
18.1473
18.412
18.0311
18.2449
18.1888
18.1565
18.2052
18.7646
18.303
18.2261
18.4959
18.246
18.0435
18.163
18.3358
18.35
18.176
18.0812
18.3935
18.0062
18.2521
18.3654
18.6035
18.4431
18.0389
17.8973
18.045
17.5034
18.1911
18.0518
18.7777
17.9067
18.2693
17.9336
18.7142
18.2625
17.9853
18.1283
17.9777
18.0116
18.2678
17.7097
17.9037
18.1657
18.3817
18.3645
18.3877
18.278
18.1677
18.1305
18.0949
18.325
18.3152
18.1555
18.3436
18.2454
18.3132
18.1176
17.8344
18.0926
18.3017
18.2326
18.0849
18.3811
18.0254
18.3236
18.0298
18.012
18.0599
18.5735
18.0782
18.5129
18.2973
18.4246
17.9507
18.1087
18.0633
18.6978
17.8929
18.0436
18.0814
18.2911
18.3106
18.2063
17.7804
18.1103
18.4432
18.0247
18.1547
18.2563
17.9837
17.8604
17.8252
18.7511
18.0348
18.7991
18.4085
18.1684
18.0121
18.4306
18.3326
18.7019
18.2993
18.2662
18.0719
18.4488
18.2728
18.1366
18.3519
18.5352
18.28
18.2377
18.1657
18.1347
18.024
18.1516
18.2111
17.9809
18.2607
18.1646
18.0141
18.3097
18.161
18.2292
17.9761
17.9852
18.4343
18.387
18.3953
18.0808
18.1646
18.5845
18.4847
18.8766
18.3981
18.0443
18.5813
18.0893
18.3896
18.5477
18.2344
18.596
18.1156
18.526
18.0548
18.8289
18.5769
18.2805
18.3786
18.0865
18.2818
18.4854
18.1869
18.2212
17.9896
18.2817
17.9466
17.9619
17.9702
18.069
17.9312
17.9015
18.0659
18.1995
18.1449
18.2406
18.4107
18.6281
18.6871
18.1887
17.8456
18.1481
18.3714
18.136
18.0565
17.8826
17.8712
18.3891
18.4088
18.2694
17.9435
18.1733
18.2083
18.299
18.5628
18.4044
18.5886
18.3787
18.3562
18.1495
18.2094
18.3146
18.8683
18.5618
18.2438
18.5726
18.3678
18.2736
18.4168
18.202
18.4534
18.376
18.0069
18.3356
17.9836
18.3161
18.3441
18.512
18.3748
18.5834
18.1572
18.404
17.8493
18.5626
18.1511
18.1034
18.0906
17.9086
18.6308
18.3057
17.8252
18.2919
18.1848
17.9491
18.3788
17.505
18.5133
18.2527
18.1325
17.8721
18.1212
18.5209
18.3809
18.1588
18.0624
18.0478
17.8363
18.2379
18.2288
18.1402
18.1562
17.8139
18.2965
17.8854
18.5109
17.9607
18.1076
18.5909
18.4108
18.5087
17.8847
18.0195
18.3641
18.1768
18.2193
18.1487
18.0237
18.0763
18.4166
18.2326
18.6387
18.2538
18.5442
18.1039
17.7155
18.2422
18.0806
18.0113
18.366
18.0274
18.2076
18.4035
18.2726
18.1532
17.9626
18.0416
17.9897
18.4192
18.2205
18.47
17.8724
18.1895
18.3601
17.8597
18.232
17.9989
17.8841
18.5313
18.2654
18.2327
18.0453
18.123
18.3157
18.391
18.4388
18.3116
18.2334
17.9678
18.2641
18.0859
18.1484
18.2685
0.0000